76.9794000000000	28.5211000000000
76.9779000000000	28.5197000000000
76.9767000000000	28.5185000000000
76.9747000000000	28.5176000000000
76.9730000000000	28.5163000000000
76.9712000000000	28.5155000000000
76.9697000000000	28.5148000000000
76.9697000000000	28.5148000000000
76.9667000000000	28.5134000000000
76.9651000000000	28.5130000000000
76.9651000000000	28.5130000000000
76.9628000000000	28.5112000000000
76.9610000000000	28.5093000000000
76.9593000000000	28.5080000000000
76.9581000000000	28.5069000000000
76.9563000000000	28.5060000000000
76.9550000000000	28.5052000000000
76.9538000000000	28.5048000000000
76.9528000000000	28.5048000000000
76.9519000000000	28.5049000000000
76.9507000000000	28.5049000000000
76.9497000000000	28.5046000000000
76.9486000000000	28.5045000000000
76.9475000000000	28.5045000000000
76.9466000000000	28.5044000000000
76.9458000000000	28.5039000000000
76.9447000000000	28.5045000000000
76.9438000000000	28.5050000000000
76.9434000000000	28.5055000000000
76.9422000000000	28.5060000000000
76.9422000000000	28.5060000000000
76.9415000000000	28.5063000000000
76.9415000000000	28.5063000000000
76.9406000000000	28.5068000000000
76.9399000000000	28.5073000000000
76.9391000000000	28.5076000000000
76.9386000000000	28.5079000000000
76.9379000000000	28.5082000000000
76.9370000000000	28.5086000000000
76.9369000000000	28.5094000000000
76.9369000000000	28.5094000000000
76.9364000000000	28.5099000000000
76.9364000000000	28.5099000000000
76.9353000000000	28.5103000000000
76.9353000000000	28.5103000000000
76.9346000000000	28.5104000000000
76.9340000000000	28.5105000000000
76.9331000000000	28.5105000000000
76.9325000000000	28.5105000000000
76.9315000000000	28.5105000000000
76.9309000000000	28.5105000000000
76.9302000000000	28.5107000000000
76.9302000000000	28.5107000000000
76.9291000000000	28.5107000000000
76.9291000000000	28.5107000000000
76.9284000000000	28.5108000000000
76.9284000000000	28.5108000000000
76.9274000000000	28.5102000000000
76.9274000000000	28.5102000000000
76.9266000000000	28.5096000000000
76.9266000000000	28.5096000000000
76.9259000000000	28.5088000000000
76.9253000000000	28.5082000000000
76.9253000000000	28.5082000000000
76.9242000000000	28.5077000000000
76.9242000000000	28.5077000000000
76.9235000000000	28.5074000000000
76.9227000000000	28.5075000000000
76.9227000000000	28.5075000000000
76.9213000000000	28.5083000000000
76.9207000000000	28.5086000000000
76.9207000000000	28.5086000000000
76.9200000000000	28.5090000000000
76.9192000000000	28.5095000000000
76.9192000000000	28.5095000000000
76.9187000000000	28.5099000000000
76.9180000000000	28.5102000000000
76.9180000000000	28.5102000000000
76.9174000000000	28.5104000000000
76.9167000000000	28.5106000000000
76.9158000000000	28.5109000000000
76.9152000000000	28.5113000000000
76.9152000000000	28.5113000000000
76.9144000000000	28.5117000000000
76.9144000000000	28.5117000000000
76.9138000000000	28.5121000000000
76.9132000000000	28.5123000000000
76.9125000000000	28.5123000000000
76.9125000000000	28.5123000000000
76.9115000000000	28.5124000000000
76.9115000000000	28.5124000000000
76.9099000000000	28.5125000000000
76.9093000000000	28.5128000000000
76.9093000000000	28.5128000000000
76.9086000000000	28.5130000000000
76.9086000000000	28.5130000000000
76.9078000000000	28.5129000000000
76.9078000000000	28.5129000000000
76.9071000000000	28.5123000000000
76.9071000000000	28.5123000000000
76.9065000000000	28.5117000000000
76.9059000000000	28.5112000000000
76.9059000000000	28.5112000000000
76.9051000000000	28.5105000000000
76.9051000000000	28.5105000000000
76.9045000000000	28.5098000000000
76.9039000000000	28.5092000000000
76.9039000000000	28.5092000000000
76.9034000000000	28.5089000000000
76.9027000000000	28.5090000000000
76.9017000000000	28.5090000000000
76.9017000000000	28.5090000000000
76.9006000000000	28.5092000000000
76.9006000000000	28.5092000000000
76.8998000000000	28.5093000000000
76.8994000000000	28.5088000000000
76.8994000000000	28.5088000000000
76.8989000000000	28.5083000000000
76.8989000000000	28.5083000000000
76.8980000000000	28.5077000000000
76.8980000000000	28.5077000000000
76.8974000000000	28.5071000000000
76.8974000000000	28.5071000000000
76.8970000000000	28.5065000000000
76.8970000000000	28.5065000000000
76.8967000000000	28.5059000000000
76.8967000000000	28.5059000000000
76.8964000000000	28.5053000000000
76.8964000000000	28.5053000000000
76.8961000000000	28.5046000000000
76.8961000000000	28.5046000000000
76.8961000000000	28.5046000000000
76.8958000000000	28.5039000000000
76.8958000000000	28.5039000000000
76.8949000000000	28.5033000000000
76.8949000000000	28.5033000000000
76.8944000000000	28.5027000000000
76.8944000000000	28.5027000000000
76.8939000000000	28.5022000000000
76.8936000000000	28.5017000000000
76.8936000000000	28.5017000000000
76.8935000000000	28.5010000000000
76.8935000000000	28.5010000000000
76.8930000000000	28.5006000000000
76.8930000000000	28.5006000000000
76.8917000000000	28.5005000000000
76.8917000000000	28.5005000000000
76.8904000000000	28.5005000000000
76.8896000000000	28.5002000000000
76.8896000000000	28.5002000000000
76.8890000000000	28.5002000000000
76.8883000000000	28.5002000000000
76.8877000000000	28.5003000000000
76.8877000000000	28.5003000000000
76.8866000000000	28.5006000000000
76.8866000000000	28.5006000000000
76.8862000000000	28.5012000000000
76.8862000000000	28.5012000000000
76.8860000000000	28.5021000000000
76.8853000000000	28.5025000000000
76.8853000000000	28.5025000000000
76.8853000000000	28.5025000000000
76.8846000000000	28.5027000000000
76.8846000000000	28.5027000000000
76.8835000000000	28.5032000000000
76.8830000000000	28.5036000000000
76.8830000000000	28.5036000000000
76.8823000000000	28.5042000000000
76.8819000000000	28.5046000000000
76.8809000000000	28.5051000000000
76.8809000000000	28.5051000000000
76.8806000000000	28.5058000000000
76.8806000000000	28.5058000000000
76.8806000000000	28.5065000000000
76.8809000000000	28.5070000000000
76.8812000000000	28.5082000000000
76.8815000000000	28.5091000000000
76.8815000000000	28.5091000000000
76.8820000000000	28.5100000000000
76.8820000000000	28.5100000000000
76.8826000000000	28.5109000000000
76.8826000000000	28.5109000000000
76.8829000000000	28.5117000000000
76.8835000000000	28.5122000000000
76.8839000000000	28.5127000000000
76.8843000000000	28.5135000000000
76.8847000000000	28.5142000000000
76.8847000000000	28.5142000000000
76.8850000000000	28.5154000000000
76.8852000000000	28.5162000000000
76.8852000000000	28.5162000000000
76.8852000000000	28.5175000000000
76.8848000000000	28.5182000000000
76.8845000000000	28.5189000000000
76.8843000000000	28.5196000000000
76.8842000000000	28.5202000000000
76.8842000000000	28.5207000000000
76.8842000000000	28.5207000000000
76.8838000000000	28.5218000000000
76.8838000000000	28.5218000000000
76.8833000000000	28.5220000000000
76.8827000000000	28.5223000000000
76.8827000000000	28.5223000000000
76.8818000000000	28.5227000000000
76.8813000000000	28.5230000000000
76.8813000000000	28.5230000000000
76.8803000000000	28.5234000000000
76.8803000000000	28.5234000000000
76.8790000000000	28.5239000000000
76.8779000000000	28.5245000000000
76.8766000000000	28.5256000000000
76.8758000000000	28.5266000000000
76.8758000000000	28.5266000000000
76.8749000000000	28.5284000000000
76.8734000000000	28.5297000000000
76.8733000000000	28.5313000000000
76.8732000000000	28.5326000000000
76.8732000000000	28.5326000000000
76.8709000000000	28.5334000000000
76.8709000000000	28.5334000000000
76.8686000000000	28.5351000000000
76.8686000000000	28.5351000000000
76.8670000000000	28.5374000000000
76.8663000000000	28.5391000000000
76.8662000000000	28.5403000000000
76.8662000000000	28.5419000000000
76.8662000000000	28.5419000000000
76.8644000000000	28.5441000000000
76.8630000000000	28.5449000000000
76.8613000000000	28.5458000000000
76.8586000000000	28.5466000000000
76.8573000000000	28.5469000000000
76.8554000000000	28.5474000000000
76.8538000000000	28.5479000000000
76.8523000000000	28.5482000000000
76.8523000000000	28.5482000000000
76.8496000000000	28.5488000000000
76.8476000000000	28.5489000000000
76.8462000000000	28.5494000000000
76.8451000000000	28.5510000000000
76.8448000000000	28.5528000000000
76.8448000000000	28.5528000000000
76.8436000000000	28.5551000000000
76.8424000000000	28.5562000000000
76.8424000000000	28.5562000000000
76.8424000000000	28.5588000000000
76.8424000000000	28.5602000000000
76.8419000000000	28.5622000000000
76.8413000000000	28.5647000000000
76.8405000000000	28.5673000000000
76.8406000000000	28.5689000000000
76.8406000000000	28.5703000000000
76.8406000000000	28.5703000000000
76.8394000000000	28.5720000000000
76.8394000000000	28.5720000000000
76.8395000000000	28.5738000000000
76.8395000000000	28.5738000000000
76.8394000000000	28.5763000000000
76.8394000000000	28.5778000000000
76.8393000000000	28.5795000000000
76.8393000000000	28.5811000000000
76.8394000000000	28.5824000000000
76.8413000000000	28.5830000000000
76.8430000000000	28.5838000000000
76.8456000000000	28.5842000000000
76.8471000000000	28.5844000000000
76.8496000000000	28.5846000000000
76.8529000000000	28.5848000000000
76.8545000000000	28.5848000000000
76.8581000000000	28.5848000000000
76.8612000000000	28.5851000000000
76.8633000000000	28.5853000000000
76.8648000000000	28.5857000000000
76.8659000000000	28.5872000000000
76.8668000000000	28.5883000000000
76.8681000000000	28.5896000000000
76.8693000000000	28.5917000000000
76.8696000000000	28.5939000000000
76.8701000000000	28.5957000000000
76.8708000000000	28.5980000000000
76.8718000000000	28.6002000000000
76.8721000000000	28.6016000000000
76.8733000000000	28.6030000000000
76.8748000000000	28.6049000000000
76.8763000000000	28.6058000000000
76.8772000000000	28.6071000000000
76.8772000000000	28.6071000000000
76.8781000000000	28.6093000000000
76.8781000000000	28.6093000000000
76.8791000000000	28.6117000000000
76.8800000000000	28.6135000000000
76.8808000000000	28.6150000000000
76.8817000000000	28.6165000000000
76.8820000000000	28.6183000000000
76.8830000000000	28.6204000000000
76.8835000000000	28.6225000000000
76.8843000000000	28.6240000000000
76.8843000000000	28.6240000000000
76.8847000000000	28.6264000000000
76.8856000000000	28.6284000000000
76.8856000000000	28.6284000000000
76.8874000000000	28.6310000000000
76.8895000000000	28.6320000000000
76.8895000000000	28.6320000000000
76.8915000000000	28.6320000000000
76.8933000000000	28.6314000000000
76.8933000000000	28.6314000000000
76.8948000000000	28.6307000000000
76.8948000000000	28.6307000000000
76.8968000000000	28.6298000000000
76.8980000000000	28.6287000000000
76.8980000000000	28.6287000000000
76.9001000000000	28.6272000000000
76.9020000000000	28.6263000000000
76.9020000000000	28.6263000000000
76.9037000000000	28.6251000000000
76.9058000000000	28.6242000000000
76.9058000000000	28.6242000000000
76.9073000000000	28.6233000000000
76.9081000000000	28.6246000000000
76.9084000000000	28.6263000000000
76.9096000000000	28.6273000000000
76.9117000000000	28.6295000000000
76.9138000000000	28.6310000000000
76.9155000000000	28.6314000000000
76.9155000000000	28.6314000000000
76.9182000000000	28.6320000000000
76.9182000000000	28.6320000000000
76.9209000000000	28.6308000000000
76.9209000000000	28.6308000000000
76.9225000000000	28.6287000000000
76.9241000000000	28.6276000000000
76.9259000000000	28.6258000000000
76.9259000000000	28.6258000000000
76.9281000000000	28.6237000000000
76.9293000000000	28.6219000000000
76.9293000000000	28.6219000000000
76.9317000000000	28.6203000000000
76.9340000000000	28.6183000000000
76.9340000000000	28.6183000000000
76.9357000000000	28.6189000000000
76.9357000000000	28.6189000000000
76.9367000000000	28.6204000000000
76.9381000000000	28.6213000000000
76.9400000000000	28.6228000000000
76.9400000000000	28.6228000000000
76.9418000000000	28.6263000000000
76.9425000000000	28.6285000000000
76.9429000000000	28.6304000000000
76.9438000000000	28.6325000000000
76.9413000000000	28.6342000000000
76.9391000000000	28.6353000000000
76.9374000000000	28.6368000000000
76.9353000000000	28.6386000000000
76.9344000000000	28.6398000000000
76.9329000000000	28.6407000000000
76.9315000000000	28.6422000000000
76.9305000000000	28.6440000000000
76.9305000000000	28.6440000000000
76.9288000000000	28.6465000000000
76.9288000000000	28.6465000000000
76.9272000000000	28.6477000000000
76.9272000000000	28.6477000000000
76.9255000000000	28.6489000000000
76.9255000000000	28.6489000000000
76.9263000000000	28.6514000000000
76.9275000000000	28.6528000000000
76.9288000000000	28.6554000000000
76.9288000000000	28.6554000000000
76.9299000000000	28.6576000000000
76.9299000000000	28.6576000000000
76.9318000000000	28.6605000000000
76.9327000000000	28.6621000000000
76.9336000000000	28.6646000000000
76.9338000000000	28.6661000000000
76.9350000000000	28.6679000000000
76.9367000000000	28.6680000000000
76.9392000000000	28.6679000000000
76.9412000000000	28.6685000000000
76.9434000000000	28.6685000000000
76.9468000000000	28.6701000000000
76.9489000000000	28.6698000000000
76.9514000000000	28.6698000000000
76.9528000000000	28.6683000000000
76.9528000000000	28.6683000000000
76.9549000000000	28.6698000000000
76.9549000000000	28.6698000000000
76.9562000000000	28.6736000000000
76.9562000000000	28.6736000000000
76.9560000000000	28.6784000000000
76.9566000000000	28.6805000000000
76.9572000000000	28.6843000000000
76.9581000000000	28.6862000000000
76.9600000000000	28.6881000000000
76.9619000000000	28.6896000000000
76.9625000000000	28.6917000000000
76.9625000000000	28.6917000000000
76.9638000000000	28.6934000000000
76.9650000000000	28.6953000000000
76.9650000000000	28.6953000000000
76.9661000000000	28.6972000000000
76.9661000000000	28.6972000000000
76.9678000000000	28.6982000000000
76.9678000000000	28.6982000000000
76.9678000000000	28.6982000000000
76.9661000000000	28.7003000000000
76.9640000000000	28.7020000000000
76.9629000000000	28.7030000000000
76.9618000000000	28.7039000000000
76.9618000000000	28.7039000000000
76.9582000000000	28.7056000000000
76.9582000000000	28.7056000000000
76.9549000000000	28.7076000000000
76.9549000000000	28.7076000000000
76.9531000000000	28.7092000000000
76.9531000000000	28.7092000000000
76.9515000000000	28.7110000000000
76.9515000000000	28.7110000000000
76.9500000000000	28.7120000000000
76.9500000000000	28.7120000000000
76.9480000000000	28.7126000000000
76.9485000000000	28.7142000000000
76.9498000000000	28.7154000000000
76.9498000000000	28.7154000000000
76.9510000000000	28.7174000000000
76.9521000000000	28.7191000000000
76.9532000000000	28.7211000000000
76.9547000000000	28.7221000000000
76.9559000000000	28.7236000000000
76.9559000000000	28.7236000000000
76.9574000000000	28.7260000000000
76.9584000000000	28.7271000000000
76.9591000000000	28.7284000000000
76.9591000000000	28.7284000000000
76.9595000000000	28.7306000000000
76.9599000000000	28.7331000000000
76.9595000000000	28.7346000000000
76.9588000000000	28.7359000000000
76.9588000000000	28.7359000000000
76.9574000000000	28.7371000000000
76.9574000000000	28.7371000000000
76.9562000000000	28.7383000000000
76.9572000000000	28.7404000000000
76.9572000000000	28.7404000000000
76.9581000000000	28.7421000000000
76.9581000000000	28.7421000000000
76.9582000000000	28.7436000000000
76.9582000000000	28.7436000000000
76.9567000000000	28.7448000000000
76.9567000000000	28.7448000000000
76.9549000000000	28.7463000000000
76.9549000000000	28.7463000000000
76.9532000000000	28.7474000000000
76.9532000000000	28.7474000000000
76.9518000000000	28.7487000000000
76.9510000000000	28.7501000000000
76.9491000000000	28.7510000000000
76.9491000000000	28.7510000000000
76.9475000000000	28.7520000000000
76.9460000000000	28.7531000000000
76.9460000000000	28.7531000000000
76.9438000000000	28.7551000000000
76.9438000000000	28.7551000000000
76.9438000000000	28.7551000000000
76.9437000000000	28.7573000000000
76.9452000000000	28.7600000000000
76.9452000000000	28.7600000000000
76.9487000000000	28.7621000000000
76.9514000000000	28.7647000000000
76.9535000000000	28.7664000000000
76.9555000000000	28.7677000000000
76.9547000000000	28.7695000000000
76.9538000000000	28.7720000000000
76.9518000000000	28.7735000000000
76.9504000000000	28.7755000000000
76.9500000000000	28.7784000000000
76.9500000000000	28.7807000000000
76.9500000000000	28.7830000000000
76.9504000000000	28.7851000000000
76.9510000000000	28.7871000000000
76.9521000000000	28.7882000000000
76.9529000000000	28.7895000000000
76.9529000000000	28.7895000000000
76.9529000000000	28.7918000000000
76.9529000000000	28.7918000000000
76.9514000000000	28.7940000000000
76.9514000000000	28.7940000000000
76.9495000000000	28.7950000000000
76.9474000000000	28.7967000000000
76.9474000000000	28.7967000000000
76.9455000000000	28.7978000000000
76.9455000000000	28.7978000000000
76.9455000000000	28.7978000000000
76.9435000000000	28.7984000000000
76.9417000000000	28.7985000000000
76.9425000000000	28.8002000000000
76.9425000000000	28.8002000000000
76.9440000000000	28.8017000000000
76.9457000000000	28.8040000000000
76.9457000000000	28.8040000000000
76.9457000000000	28.8081000000000
76.9457000000000	28.8081000000000
76.9452000000000	28.8118000000000
76.9452000000000	28.8118000000000
76.9471000000000	28.8134000000000
76.9490000000000	28.8154000000000
76.9500000000000	28.8168000000000
76.9511000000000	28.8179000000000
76.9511000000000	28.8179000000000
76.9531000000000	28.8179000000000
76.9548000000000	28.8175000000000
76.9564000000000	28.8171000000000
76.9564000000000	28.8171000000000
76.9595000000000	28.8164000000000
76.9595000000000	28.8164000000000
76.9615000000000	28.8152000000000
76.9629000000000	28.8164000000000
76.9638000000000	28.8182000000000
76.9647000000000	28.8194000000000
76.9652000000000	28.8209000000000
76.9652000000000	28.8209000000000
76.9637000000000	28.8228000000000
76.9638000000000	28.8244000000000
76.9648000000000	28.8257000000000
76.9648000000000	28.8257000000000
76.9665000000000	28.8272000000000
76.9687000000000	28.8282000000000
76.9687000000000	28.8282000000000
76.9704000000000	28.8282000000000
76.9704000000000	28.8282000000000
76.9729000000000	28.8275000000000
76.9744000000000	28.8268000000000
76.9752000000000	28.8255000000000
76.9752000000000	28.8255000000000
76.9761000000000	28.8237000000000
76.9761000000000	28.8237000000000
76.9775000000000	28.8229000000000
76.9789000000000	28.8228000000000
76.9789000000000	28.8228000000000
76.9812000000000	28.8231000000000
76.9812000000000	28.8231000000000
76.9825000000000	28.8252000000000
76.9835000000000	28.8269000000000
76.9835000000000	28.8269000000000
76.9852000000000	28.8289000000000
76.9852000000000	28.8289000000000
76.9868000000000	28.8318000000000
76.9879000000000	28.8338000000000
76.9892000000000	28.8348000000000
76.9892000000000	28.8348000000000
76.9906000000000	28.8376000000000
76.9906000000000	28.8376000000000
76.9928000000000	28.8386000000000
76.9944000000000	28.8394000000000
76.9966000000000	28.8388000000000
76.9982000000000	28.8375000000000
76.9995000000000	28.8388000000000
77.0014000000000	28.8391000000000
77.0023000000000	28.8396000000000
77.0036000000000	28.8401000000000
77.0048000000000	28.8406000000000
77.0048000000000	28.8406000000000
77.0072000000000	28.8414000000000
77.0084000000000	28.8414000000000
77.0103000000000	28.8408000000000
77.0122000000000	28.8405000000000
77.0145000000000	28.8402000000000
77.0156000000000	28.8400000000000
77.0180000000000	28.8400000000000
77.0198000000000	28.8400000000000
77.0219000000000	28.8399000000000
77.0235000000000	28.8399000000000
77.0251000000000	28.8396000000000
77.0251000000000	28.8396000000000
77.0267000000000	28.8385000000000
77.0275000000000	28.8377000000000
77.0291000000000	28.8368000000000
77.0291000000000	28.8368000000000
77.0310000000000	28.8366000000000
77.0322000000000	28.8362000000000
77.0322000000000	28.8362000000000
77.0337000000000	28.8353000000000
77.0348000000000	28.8346000000000
77.0359000000000	28.8341000000000
77.0359000000000	28.8341000000000
77.0385000000000	28.8334000000000
77.0394000000000	28.8331000000000
77.0394000000000	28.8331000000000
77.0412000000000	28.8337000000000
77.0422000000000	28.8349000000000
77.0426000000000	28.8358000000000
77.0425000000000	28.8370000000000
77.0425000000000	28.8370000000000
77.0418000000000	28.8378000000000
77.0418000000000	28.8378000000000
77.0422000000000	28.8396000000000
77.0422000000000	28.8396000000000
77.0435000000000	28.8402000000000
77.0435000000000	28.8402000000000
77.0446000000000	28.8416000000000
77.0446000000000	28.8416000000000
77.0451000000000	28.8435000000000
77.0451000000000	28.8435000000000
77.0451000000000	28.8449000000000
77.0451000000000	28.8449000000000
77.0451000000000	28.8449000000000
77.0451000000000	28.8460000000000
77.0451000000000	28.8460000000000
77.0451000000000	28.8460000000000
77.0451000000000	28.8475000000000
77.0451000000000	28.8475000000000
77.0466000000000	28.8491000000000
77.0473000000000	28.8502000000000
77.0478000000000	28.8511000000000
77.0478000000000	28.8511000000000
77.0491000000000	28.8529000000000
77.0497000000000	28.8537000000000
77.0497000000000	28.8537000000000
77.0504000000000	28.8556000000000
77.0513000000000	28.8571000000000
77.0519000000000	28.8582000000000
77.0523000000000	28.8595000000000
77.0523000000000	28.8595000000000
77.0528000000000	28.8610000000000
77.0528000000000	28.8610000000000
77.0539000000000	28.8623000000000
77.0545000000000	28.8637000000000
77.0554000000000	28.8653000000000
77.0561000000000	28.8663000000000
77.0565000000000	28.8673000000000
77.0578000000000	28.8687000000000
77.0590000000000	28.8699000000000
77.0601000000000	28.8712000000000
77.0601000000000	28.8712000000000
77.0618000000000	28.8718000000000
77.0626000000000	28.8712000000000
77.0626000000000	28.8712000000000
77.0648000000000	28.8699000000000
77.0648000000000	28.8699000000000
77.0665000000000	28.8692000000000
77.0673000000000	28.8686000000000
77.0673000000000	28.8686000000000
77.0684000000000	28.8682000000000
77.0701000000000	28.8689000000000
77.0722000000000	28.8692000000000
77.0742000000000	28.8678000000000
77.0760000000000	28.8697000000000
77.0777000000000	28.8718000000000
77.0777000000000	28.8718000000000
77.0790000000000	28.8727000000000
77.0793000000000	28.8741000000000
77.0787000000000	28.8756000000000
77.0787000000000	28.8756000000000
77.0783000000000	28.8777000000000
77.0788000000000	28.8795000000000
77.0788000000000	28.8795000000000
77.0812000000000	28.8822000000000
77.0821000000000	28.8838000000000
77.0821000000000	28.8838000000000
77.0821000000000	28.8838000000000
77.0839000000000	28.8843000000000
77.0839000000000	28.8843000000000
77.0839000000000	28.8843000000000
77.0864000000000	28.8820000000000
77.0878000000000	28.8802000000000
77.0879000000000	28.8779000000000
77.0876000000000	28.8759000000000
77.0876000000000	28.8759000000000
77.0893000000000	28.8747000000000
77.0910000000000	28.8737000000000
77.0910000000000	28.8737000000000
77.0925000000000	28.8727000000000
77.0925000000000	28.8727000000000
77.0952000000000	28.8718000000000
77.0970000000000	28.8718000000000
77.0985000000000	28.8716000000000
77.1004000000000	28.8713000000000
77.1031000000000	28.8707000000000
77.1031000000000	28.8707000000000
77.1031000000000	28.8707000000000
77.1061000000000	28.8710000000000
77.1080000000000	28.8710000000000
77.1096000000000	28.8701000000000
77.1110000000000	28.8692000000000
77.1122000000000	28.8680000000000
77.1135000000000	28.8661000000000
77.1156000000000	28.8649000000000
77.1156000000000	28.8649000000000
77.1168000000000	28.8630000000000
77.1184000000000	28.8615000000000
77.1203000000000	28.8603000000000
77.1203000000000	28.8603000000000
77.1220000000000	28.8584000000000
77.1220000000000	28.8584000000000
77.1235000000000	28.8585000000000
77.1235000000000	28.8585000000000
77.1244000000000	28.8605000000000
77.1244000000000	28.8605000000000
77.1258000000000	28.8611000000000
77.1258000000000	28.8611000000000
77.1276000000000	28.8619000000000
77.1299000000000	28.8630000000000
77.1299000000000	28.8630000000000
77.1316000000000	28.8636000000000
77.1316000000000	28.8636000000000
77.1316000000000	28.8636000000000
77.1334000000000	28.8636000000000
77.1334000000000	28.8636000000000
77.1351000000000	28.8633000000000
77.1368000000000	28.8631000000000
77.1368000000000	28.8631000000000
77.1386000000000	28.8630000000000
77.1400000000000	28.8618000000000
77.1400000000000	28.8618000000000
77.1406000000000	28.8603000000000
77.1406000000000	28.8603000000000
77.1406000000000	28.8603000000000
77.1422000000000	28.8599000000000
77.1422000000000	28.8599000000000
77.1421000000000	28.8578000000000
77.1421000000000	28.8578000000000
77.1421000000000	28.8563000000000
77.1421000000000	28.8563000000000
77.1441000000000	28.8547000000000
77.1441000000000	28.8547000000000
77.1450000000000	28.8530000000000
77.1450000000000	28.8530000000000
77.1449000000000	28.8514000000000
77.1435000000000	28.8499000000000
77.1435000000000	28.8499000000000
77.1435000000000	28.8499000000000
77.1426000000000	28.8478000000000
77.1426000000000	28.8478000000000
77.1416000000000	28.8456000000000
77.1416000000000	28.8456000000000
77.1416000000000	28.8428000000000
77.1416000000000	28.8428000000000
77.1423000000000	28.8401000000000
77.1423000000000	28.8401000000000
77.1423000000000	28.8401000000000
77.1446000000000	28.8390000000000
77.1461000000000	28.8388000000000
77.1487000000000	28.8385000000000
77.1511000000000	28.8377000000000
77.1526000000000	28.8377000000000
77.1545000000000	28.8377000000000
77.1545000000000	28.8377000000000
77.1560000000000	28.8377000000000
77.1560000000000	28.8377000000000
77.1566000000000	28.8396000000000
77.1566000000000	28.8396000000000
77.1589000000000	28.8414000000000
77.1589000000000	28.8414000000000
77.1606000000000	28.8437000000000
77.1620000000000	28.8450000000000
77.1635000000000	28.8469000000000
77.1651000000000	28.8490000000000
77.1664000000000	28.8498000000000
77.1693000000000	28.8503000000000
77.1711000000000	28.8506000000000
77.1727000000000	28.8514000000000
77.1728000000000	28.8532000000000
77.1731000000000	28.8553000000000
77.1731000000000	28.8553000000000
77.1746000000000	28.8582000000000
77.1783000000000	28.8589000000000
77.1783000000000	28.8589000000000
77.1817000000000	28.8586000000000
77.1838000000000	28.8586000000000
77.1865000000000	28.8586000000000
77.1887000000000	28.8586000000000
77.1906000000000	28.8588000000000
77.1927000000000	28.8593000000000
77.1960000000000	28.8593000000000
77.1979000000000	28.8591000000000
77.2000000000000	28.8591000000000
77.2019000000000	28.8591000000000
77.2051000000000	28.8591000000000
77.2082000000000	28.8586000000000
77.2082000000000	28.8586000000000
77.2108000000000	28.8578000000000
77.2129000000000	28.8572000000000
77.2129000000000	28.8572000000000
77.2148000000000	28.8551000000000
77.2148000000000	28.8551000000000
77.2165000000000	28.8527000000000
77.2165000000000	28.8527000000000
77.2175000000000	28.8498000000000
77.2173000000000	28.8479000000000
77.2173000000000	28.8479000000000
77.2165000000000	28.8452000000000
77.2165000000000	28.8452000000000
77.2173000000000	28.8424000000000
77.2173000000000	28.8424000000000
77.2186000000000	28.8405000000000
77.2186000000000	28.8405000000000
77.2198000000000	28.8376000000000
77.2198000000000	28.8376000000000
77.2205000000000	28.8350000000000
77.2215000000000	28.8331000000000
77.2215000000000	28.8331000000000
77.2215000000000	28.8331000000000
77.2215000000000	28.8302000000000
77.2215000000000	28.8302000000000
77.2228000000000	28.8266000000000
77.2228000000000	28.8266000000000
77.2228000000000	28.8266000000000
77.2232000000000	28.8237000000000
77.2232000000000	28.8237000000000
77.2226000000000	28.8216000000000
77.2226000000000	28.8216000000000
77.2201000000000	28.8199000000000
77.2201000000000	28.8199000000000
77.2196000000000	28.8180000000000
77.2190000000000	28.8152000000000
77.2190000000000	28.8128000000000
77.2190000000000	28.8128000000000
77.2183000000000	28.8099000000000
77.2183000000000	28.8099000000000
77.2148000000000	28.8092000000000
77.2121000000000	28.8102000000000
77.2086000000000	28.8114000000000
77.2086000000000	28.8114000000000
77.2055000000000	28.8123000000000
77.2055000000000	28.8123000000000
77.2024000000000	28.8128000000000
77.2024000000000	28.8128000000000
77.2024000000000	28.8128000000000
77.2010000000000	28.8104000000000
77.2010000000000	28.8104000000000
77.2002000000000	28.8071000000000
77.2002000000000	28.8071000000000
77.1998000000000	28.8040000000000
77.1998000000000	28.8040000000000
77.1993000000000	28.8006000000000
77.1993000000000	28.8006000000000
77.1995000000000	28.7966000000000
77.1995000000000	28.7966000000000
77.2021000000000	28.7930000000000
77.2021000000000	28.7930000000000
77.2043000000000	28.7907000000000
77.2043000000000	28.7907000000000
77.2071000000000	28.7890000000000
77.2071000000000	28.7890000000000
77.2110000000000	28.7883000000000
77.2110000000000	28.7883000000000
77.2140000000000	28.7876000000000
77.2169000000000	28.7866000000000
77.2193000000000	28.7866000000000
77.2193000000000	28.7866000000000
77.2217000000000	28.7866000000000
77.2217000000000	28.7866000000000
77.2262000000000	28.7866000000000
77.2297000000000	28.7861000000000
77.2297000000000	28.7861000000000
77.2333000000000	28.7852000000000
77.2333000000000	28.7852000000000
77.2336000000000	28.7828000000000
77.2336000000000	28.7828000000000
77.2307000000000	28.7797000000000
77.2307000000000	28.7797000000000
77.2264000000000	28.7785000000000
77.2264000000000	28.7785000000000
77.2233000000000	28.7768000000000
77.2233000000000	28.7768000000000
77.2274000000000	28.7757000000000
77.2274000000000	28.7757000000000
77.2305000000000	28.7752000000000
77.2305000000000	28.7752000000000
77.2305000000000	28.7752000000000
77.2319000000000	28.7714000000000
77.2319000000000	28.7714000000000
77.2319000000000	28.7714000000000
77.2347000000000	28.7707000000000
77.2347000000000	28.7707000000000
77.2359000000000	28.7671000000000
77.2359000000000	28.7671000000000
77.2357000000000	28.7640000000000
77.2357000000000	28.7640000000000
77.2357000000000	28.7640000000000
77.2355000000000	28.7609000000000
77.2355000000000	28.7609000000000
77.2395000000000	28.7590000000000
77.2443000000000	28.7578000000000
77.2481000000000	28.7557000000000
77.2519000000000	28.7561000000000
77.2545000000000	28.7561000000000
77.2545000000000	28.7561000000000
77.2545000000000	28.7561000000000
77.2571000000000	28.7559000000000
77.2595000000000	28.7531000000000
77.2595000000000	28.7531000000000
77.2588000000000	28.7502000000000
77.2588000000000	28.7502000000000
77.2585000000000	28.7466000000000
77.2585000000000	28.7466000000000
77.2562000000000	28.7440000000000
77.2562000000000	28.7440000000000
77.2545000000000	28.7421000000000
77.2545000000000	28.7421000000000
77.2562000000000	28.7393000000000
77.2562000000000	28.7393000000000
77.2562000000000	28.7393000000000
77.2583000000000	28.7374000000000
77.2604000000000	28.7359000000000
77.2604000000000	28.7359000000000
77.2650000000000	28.7347000000000
77.2650000000000	28.7347000000000
77.2692000000000	28.7350000000000
77.2692000000000	28.7350000000000
77.2733000000000	28.7362000000000
77.2733000000000	28.7362000000000
77.2757000000000	28.7357000000000
77.2757000000000	28.7357000000000
77.2781000000000	28.7345000000000
77.2781000000000	28.7345000000000
77.2807000000000	28.7309000000000
77.2807000000000	28.7309000000000
77.2833000000000	28.7281000000000
77.2833000000000	28.7281000000000
77.2857000000000	28.7259000000000
77.2857000000000	28.7259000000000
77.2888000000000	28.7231000000000
77.2888000000000	28.7231000000000
77.2888000000000	28.7231000000000
77.2907000000000	28.7202000000000
77.2907000000000	28.7202000000000
77.2899000000000	28.7178000000000
77.2899000000000	28.7178000000000
77.2890000000000	28.7152000000000
77.2890000000000	28.7152000000000
77.2878000000000	28.7140000000000
77.2878000000000	28.7140000000000
77.2878000000000	28.7140000000000
77.2873000000000	28.7114000000000
77.2873000000000	28.7114000000000
77.2873000000000	28.7114000000000
77.2897000000000	28.7081000000000
77.2897000000000	28.7081000000000
77.2923000000000	28.7064000000000
77.2923000000000	28.7064000000000
77.2949000000000	28.7057000000000
77.2949000000000	28.7057000000000
77.2978000000000	28.7057000000000
77.2978000000000	28.7057000000000
77.2980000000000	28.7088000000000
77.2980000000000	28.7088000000000
77.2999000000000	28.7105000000000
77.2999000000000	28.7105000000000
77.3023000000000	28.7112000000000
77.3023000000000	28.7112000000000
77.3047000000000	28.7126000000000
77.3047000000000	28.7126000000000
77.3073000000000	28.7128000000000
77.3073000000000	28.7128000000000
77.3114000000000	28.7128000000000
77.3114000000000	28.7128000000000
77.3114000000000	28.7128000000000
77.3156000000000	28.7126000000000
77.3156000000000	28.7126000000000
77.3187000000000	28.7136000000000
77.3187000000000	28.7136000000000
77.3242000000000	28.7133000000000
77.3242000000000	28.7133000000000
77.3275000000000	28.7140000000000
77.3275000000000	28.7140000000000
77.3302000000000	28.7140000000000
77.3268000000000	28.7105000000000
77.3268000000000	28.7105000000000
77.3268000000000	28.7105000000000
77.3240000000000	28.7074000000000
77.3240000000000	28.7074000000000
77.3259000000000	28.7043000000000
77.3261000000000	28.7019000000000
77.3261000000000	28.7019000000000
77.3242000000000	28.6998000000000
77.3242000000000	28.6998000000000
77.3254000000000	28.6964000000000
77.3254000000000	28.6964000000000
77.3290000000000	28.6926000000000
77.3290000000000	28.6926000000000
77.3304000000000	28.6902000000000
77.3304000000000	28.6902000000000
77.3314000000000	28.6855000000000
77.3314000000000	28.6855000000000
77.3323000000000	28.6831000000000
77.3323000000000	28.6831000000000
77.3314000000000	28.6800000000000
77.3314000000000	28.6800000000000
77.3275000000000	28.6772000000000
77.3275000000000	28.6772000000000
77.3240000000000	28.6772000000000
77.3240000000000	28.6772000000000
77.3235000000000	28.6738000000000
77.3235000000000	28.6738000000000
77.3235000000000	28.6707000000000
77.3235000000000	28.6707000000000
77.3235000000000	28.6707000000000
77.3230000000000	28.6674000000000
77.3230000000000	28.6674000000000
77.3218000000000	28.6653000000000
77.3218000000000	28.6653000000000
77.3209000000000	28.6612000000000
77.3209000000000	28.6612000000000
77.3209000000000	28.6584000000000
77.3209000000000	28.6584000000000
77.3211000000000	28.6557000000000
77.3211000000000	28.6557000000000
77.3211000000000	28.6557000000000
77.3214000000000	28.6519000000000
77.3214000000000	28.6519000000000
77.3202000000000	28.6495000000000
77.3202000000000	28.6495000000000
77.3183000000000	28.6465000000000
77.3183000000000	28.6465000000000
77.3168000000000	28.6434000000000
77.3168000000000	28.6434000000000
77.3168000000000	28.6434000000000
77.3180000000000	28.6403000000000
77.3180000000000	28.6403000000000
77.3180000000000	28.6403000000000
77.3199000000000	28.6386000000000
77.3199000000000	28.6386000000000
77.3237000000000	28.6357000000000
77.3237000000000	28.6357000000000
77.3237000000000	28.6357000000000
77.3261000000000	28.6341000000000
77.3261000000000	28.6341000000000
77.3290000000000	28.6317000000000
77.3316000000000	28.6303000000000
77.3316000000000	28.6303000000000
77.3316000000000	28.6303000000000
77.3340000000000	28.6284000000000
77.3340000000000	28.6284000000000
77.3340000000000	28.6284000000000
77.3378000000000	28.6253000000000
77.3378000000000	28.6253000000000
77.3409000000000	28.6231000000000
77.3409000000000	28.6231000000000
77.3416000000000	28.6198000000000
77.3416000000000	28.6198000000000
77.3416000000000	28.6198000000000
77.3413000000000	28.6170000000000
77.3413000000000	28.6170000000000
77.3411000000000	28.6131000000000
77.3411000000000	28.6131000000000
77.3411000000000	28.6105000000000
77.3411000000000	28.6105000000000
77.3411000000000	28.6072000000000
77.3411000000000	28.6072000000000
77.3411000000000	28.6072000000000
77.3402000000000	28.6039000000000
77.3402000000000	28.6039000000000
77.3402000000000	28.6039000000000
77.3368000000000	28.6024000000000
77.3368000000000	28.6024000000000
77.3328000000000	28.6012000000000
77.3328000000000	28.6012000000000
77.3306000000000	28.6001000000000
77.3306000000000	28.6001000000000
77.3306000000000	28.6001000000000
77.3259000000000	28.5982000000000
77.3259000000000	28.5982000000000
77.3202000000000	28.5977000000000
77.3202000000000	28.5977000000000
77.3161000000000	28.5967000000000
77.3161000000000	28.5967000000000
77.3161000000000	28.5967000000000
77.3128000000000	28.5941000000000
77.3128000000000	28.5941000000000
77.3116000000000	28.5915000000000
77.3116000000000	28.5915000000000
77.3099000000000	28.5896000000000
77.3099000000000	28.5896000000000
77.3068000000000	28.5877000000000
77.3068000000000	28.5877000000000
77.3047000000000	28.5858000000000
77.3047000000000	28.5858000000000
77.3047000000000	28.5858000000000
77.3028000000000	28.5836000000000
77.3028000000000	28.5836000000000
77.3007000000000	28.5822000000000
77.3007000000000	28.5822000000000
77.3007000000000	28.5822000000000
77.2990000000000	28.5779000000000
77.2990000000000	28.5779000000000
77.2997000000000	28.5755000000000
77.2990000000000	28.5720000000000
77.2990000000000	28.5720000000000
77.2976000000000	28.5689000000000
77.2976000000000	28.5689000000000
77.2968000000000	28.5663000000000
77.2968000000000	28.5663000000000
77.2995000000000	28.5637000000000
77.2995000000000	28.5637000000000
77.3002000000000	28.5613000000000
77.3002000000000	28.5613000000000
77.3002000000000	28.5613000000000
77.3004000000000	28.5572000000000
77.3024000000000	28.5547000000000
77.3024000000000	28.5547000000000
77.3057000000000	28.5515000000000
77.3057000000000	28.5515000000000
77.3089000000000	28.5488000000000
77.3116000000000	28.5470000000000
77.3116000000000	28.5470000000000
77.3116000000000	28.5470000000000
77.3137000000000	28.5434000000000
77.3137000000000	28.5434000000000
77.3137000000000	28.5434000000000
77.3137000000000	28.5434000000000
77.3185000000000	28.5414000000000
77.3185000000000	28.5414000000000
77.3185000000000	28.5414000000000
77.3226000000000	28.5375000000000
77.3226000000000	28.5375000000000
77.3256000000000	28.5351000000000
77.3256000000000	28.5351000000000
77.3292000000000	28.5324000000000
77.3292000000000	28.5324000000000
77.3318000000000	28.5304000000000
77.3345000000000	28.5289000000000
77.3345000000000	28.5289000000000
77.3369000000000	28.5256000000000
77.3369000000000	28.5256000000000
77.3384000000000	28.5223000000000
77.3384000000000	28.5223000000000
77.3411000000000	28.5194000000000
77.3431000000000	28.5161000000000
77.3431000000000	28.5161000000000
77.3431000000000	28.5161000000000
77.3437000000000	28.5128000000000
77.3437000000000	28.5128000000000
77.3417000000000	28.5104000000000
77.3393000000000	28.5083000000000
77.3372000000000	28.5048000000000
77.3358000000000	28.5024000000000
77.3339000000000	28.5005000000000
77.3339000000000	28.5005000000000
77.3323000000000	28.4983000000000
77.3323000000000	28.4983000000000
77.3301000000000	28.4955000000000
77.3301000000000	28.4955000000000
77.3289000000000	28.4931000000000
77.3277000000000	28.4907000000000
77.3277000000000	28.4907000000000
77.3249000000000	28.4890000000000
77.3249000000000	28.4890000000000
77.3208000000000	28.4881000000000
77.3208000000000	28.4881000000000
77.3182000000000	28.4869000000000
77.3182000000000	28.4869000000000
77.3161000000000	28.4850000000000
77.3161000000000	28.4850000000000
77.3161000000000	28.4850000000000
77.3138000000000	28.4838000000000
77.3119000000000	28.4857000000000
77.3119000000000	28.4857000000000
77.3100000000000	28.4866000000000
77.3100000000000	28.4866000000000
77.3100000000000	28.4866000000000
77.3085000000000	28.4878000000000
77.3085000000000	28.4878000000000
77.3047000000000	28.4887000000000
77.3047000000000	28.4887000000000
77.3026000000000	28.4897000000000
77.3026000000000	28.4897000000000
77.3008000000000	28.4906000000000
77.3008000000000	28.4906000000000
77.3003000000000	28.4935000000000
77.3003000000000	28.4935000000000
77.3003000000000	28.4935000000000
77.2969000000000	28.4948000000000
77.2940000000000	28.4954000000000
77.2940000000000	28.4954000000000
77.2919000000000	28.4956000000000
77.2892000000000	28.4957000000000
77.2871000000000	28.4956000000000
77.2849000000000	28.4948000000000
77.2849000000000	28.4948000000000
77.2820000000000	28.4944000000000
77.2805000000000	28.4938000000000
77.2805000000000	28.4938000000000
77.2780000000000	28.4938000000000
77.2780000000000	28.4938000000000
77.2761000000000	28.4933000000000
77.2761000000000	28.4933000000000
77.2761000000000	28.4933000000000
77.2740000000000	28.4917000000000
77.2740000000000	28.4917000000000
77.2740000000000	28.4917000000000
77.2719000000000	28.4902000000000
77.2719000000000	28.4902000000000
77.2715000000000	28.4881000000000
77.2715000000000	28.4881000000000
77.2717000000000	28.4858000000000
77.2694000000000	28.4860000000000
77.2673000000000	28.4858000000000
77.2643000000000	28.4857000000000
77.2616000000000	28.4845000000000
77.2594000000000	28.4836000000000
77.2563000000000	28.4834000000000
77.2536000000000	28.4817000000000
77.2536000000000	28.4817000000000
77.2508000000000	28.4813000000000
77.2508000000000	28.4813000000000
77.2474000000000	28.4799000000000
77.2474000000000	28.4799000000000
77.2443000000000	28.4780000000000
77.2443000000000	28.4780000000000
77.2443000000000	28.4780000000000
77.2407000000000	28.4754000000000
77.2407000000000	28.4754000000000
77.2407000000000	28.4754000000000
77.2386000000000	28.4737000000000
77.2386000000000	28.4737000000000
77.2371000000000	28.4720000000000
77.2371000000000	28.4720000000000
77.2357000000000	28.4697000000000
77.2357000000000	28.4697000000000
77.2357000000000	28.4697000000000
77.2348000000000	28.4668000000000
77.2348000000000	28.4668000000000
77.2344000000000	28.4643000000000
77.2342000000000	28.4617000000000
77.2342000000000	28.4617000000000
77.2335000000000	28.4581000000000
77.2335000000000	28.4581000000000
77.2346000000000	28.4548000000000
77.2346000000000	28.4548000000000
77.2346000000000	28.4548000000000
77.2376000000000	28.4544000000000
77.2376000000000	28.4544000000000
77.2396000000000	28.4558000000000
77.2415000000000	28.4561000000000
77.2415000000000	28.4561000000000
77.2447000000000	28.4549000000000
77.2455000000000	28.4534000000000
77.2455000000000	28.4534000000000
77.2468000000000	28.4510000000000
77.2480000000000	28.4494000000000
77.2480000000000	28.4494000000000
77.2486000000000	28.4463000000000
77.2498000000000	28.4442000000000
77.2498000000000	28.4421000000000
77.2498000000000	28.4421000000000
77.2503000000000	28.4377000000000
77.2503000000000	28.4377000000000
77.2504000000000	28.4355000000000
77.2504000000000	28.4355000000000
77.2494000000000	28.4329000000000
77.2488000000000	28.4313000000000
77.2488000000000	28.4313000000000
77.2497000000000	28.4298000000000
77.2497000000000	28.4298000000000
77.2497000000000	28.4298000000000
77.2521000000000	28.4270000000000
77.2512000000000	28.4251000000000
77.2512000000000	28.4251000000000
77.2512000000000	28.4251000000000
77.2501000000000	28.4239000000000
77.2480000000000	28.4236000000000
77.2453000000000	28.4228000000000
77.2453000000000	28.4228000000000
77.2435000000000	28.4221000000000
77.2435000000000	28.4221000000000
77.2418000000000	28.4207000000000
77.2396000000000	28.4204000000000
77.2378000000000	28.4198000000000
77.2370000000000	28.4181000000000
77.2370000000000	28.4181000000000
77.2345000000000	28.4174000000000
77.2328000000000	28.4165000000000
77.2310000000000	28.4148000000000
77.2296000000000	28.4136000000000
77.2281000000000	28.4133000000000
77.2281000000000	28.4133000000000
77.2257000000000	28.4124000000000
77.2239000000000	28.4115000000000
77.2210000000000	28.4112000000000
77.2192000000000	28.4109000000000
77.2170000000000	28.4098000000000
77.2147000000000	28.4109000000000
77.2147000000000	28.4109000000000
77.2126000000000	28.4105000000000
77.2100000000000	28.4092000000000
77.2070000000000	28.4092000000000
77.2051000000000	28.4089000000000
77.2020000000000	28.4085000000000
77.2002000000000	28.4082000000000
77.2002000000000	28.4082000000000
77.1977000000000	28.4083000000000
77.1977000000000	28.4083000000000
77.1944000000000	28.4080000000000
77.1944000000000	28.4080000000000
77.1922000000000	28.4068000000000
77.1895000000000	28.4073000000000
77.1895000000000	28.4073000000000
77.1882000000000	28.4085000000000
77.1867000000000	28.4088000000000
77.1867000000000	28.4088000000000
77.1851000000000	28.4100000000000
77.1831000000000	28.4100000000000
77.1807000000000	28.4086000000000
77.1790000000000	28.4071000000000
77.1768000000000	28.4051000000000
77.1768000000000	28.4051000000000
77.1740000000000	28.4048000000000
77.1719000000000	28.4076000000000
77.1716000000000	28.4091000000000
77.1709000000000	28.4106000000000
77.1700000000000	28.4118000000000
77.1700000000000	28.4118000000000
77.1668000000000	28.4140000000000
77.1655000000000	28.4152000000000
77.1656000000000	28.4175000000000
77.1665000000000	28.4201000000000
77.1665000000000	28.4220000000000
77.1665000000000	28.4244000000000
77.1665000000000	28.4244000000000
77.1659000000000	28.4261000000000
77.1659000000000	28.4261000000000
77.1636000000000	28.4282000000000
77.1618000000000	28.4297000000000
77.1600000000000	28.4306000000000
77.1546000000000	28.4321000000000
77.1532000000000	28.4338000000000
77.1511000000000	28.4356000000000
77.1511000000000	28.4356000000000
77.1475000000000	28.4373000000000
77.1475000000000	28.4373000000000
77.1446000000000	28.4376000000000
77.1424000000000	28.4373000000000
77.1424000000000	28.4373000000000
77.1392000000000	28.4371000000000
77.1392000000000	28.4371000000000
77.1373000000000	28.4379000000000
77.1345000000000	28.4389000000000
77.1323000000000	28.4397000000000
77.1306000000000	28.4409000000000
77.1297000000000	28.4434000000000
77.1281000000000	28.4437000000000
77.1252000000000	28.4446000000000
77.1246000000000	28.4468000000000
77.1244000000000	28.4484000000000
77.1238000000000	28.4528000000000
77.1232000000000	28.4559000000000
77.1226000000000	28.4582000000000
77.1202000000000	28.4606000000000
77.1186000000000	28.4621000000000
77.1175000000000	28.4633000000000
77.1175000000000	28.4633000000000
77.1151000000000	28.4670000000000
77.1136000000000	28.4682000000000
77.1136000000000	28.4682000000000
77.1122000000000	28.4694000000000
77.1122000000000	28.4694000000000
77.1110000000000	28.4707000000000
77.1110000000000	28.4707000000000
77.1125000000000	28.4719000000000
77.1125000000000	28.4719000000000
77.1136000000000	28.4731000000000
77.1136000000000	28.4731000000000
77.1143000000000	28.4765000000000
77.1145000000000	28.4781000000000
77.1145000000000	28.4807000000000
77.1162000000000	28.4839000000000
77.1162000000000	28.4839000000000
77.1181000000000	28.4868000000000
77.1181000000000	28.4868000000000
77.1188000000000	28.4906000000000
77.1195000000000	28.4930000000000
77.1195000000000	28.4930000000000
77.1207000000000	28.4958000000000
77.1207000000000	28.4958000000000
77.1174000000000	28.4968000000000
77.1174000000000	28.4968000000000
77.1174000000000	28.4968000000000
77.1133000000000	28.4980000000000
77.1100000000000	28.4994000000000
77.1076000000000	28.5004000000000
77.1045000000000	28.5016000000000
77.1021000000000	28.5025000000000
77.0998000000000	28.5042000000000
77.0998000000000	28.5042000000000
77.0974000000000	28.5058000000000
77.0974000000000	28.5058000000000
77.0957000000000	28.5087000000000
77.0957000000000	28.5087000000000
77.0962000000000	28.5125000000000
77.0962000000000	28.5125000000000
77.0919000000000	28.5154000000000
77.0919000000000	28.5154000000000
77.0881000000000	28.5165000000000
77.0881000000000	28.5165000000000
77.0812000000000	28.5180000000000
77.0812000000000	28.5180000000000
77.0776000000000	28.5180000000000
77.0776000000000	28.5180000000000
77.0748000000000	28.5184000000000
77.0748000000000	28.5184000000000
77.0722000000000	28.5203000000000
77.0715000000000	28.5185000000000
77.0715000000000	28.5185000000000
77.0704000000000	28.5164000000000
77.0704000000000	28.5164000000000
77.0698000000000	28.5145000000000
77.0698000000000	28.5145000000000
77.0683000000000	28.5126000000000
77.0683000000000	28.5126000000000
77.0653000000000	28.5123000000000
77.0620000000000	28.5123000000000
77.0592000000000	28.5123000000000
77.0592000000000	28.5123000000000
77.0559000000000	28.5123000000000
77.0559000000000	28.5123000000000
77.0531000000000	28.5130000000000
77.0495000000000	28.5145000000000
77.0483000000000	28.5170000000000
77.0483000000000	28.5170000000000
77.0483000000000	28.5195000000000
77.0483000000000	28.5195000000000
77.0460000000000	28.5223000000000
77.0460000000000	28.5223000000000
77.0422000000000	28.5250000000000
77.0422000000000	28.5250000000000
77.0371000000000	28.5275000000000
77.0371000000000	28.5275000000000
77.0333000000000	28.5300000000000
77.0333000000000	28.5300000000000
77.0297000000000	28.5315000000000
77.0297000000000	28.5315000000000
77.0257000000000	28.5326000000000
77.0257000000000	28.5326000000000
77.0234000000000	28.5340000000000
77.0211000000000	28.5359000000000
77.0211000000000	28.5359000000000
77.0186000000000	28.5380000000000
77.0186000000000	28.5380000000000
77.0160000000000	28.5395000000000
77.0160000000000	28.5395000000000
77.0114000000000	28.5410000000000
77.0087000000000	28.5414000000000
77.0087000000000	28.5414000000000
77.0043000000000	28.5404000000000
77.0043000000000	28.5404000000000
77.0043000000000	28.5404000000000
77.0032000000000	28.5383000000000
77.0024000000000	28.5364000000000
77.0024000000000	28.5364000000000
77.0015000000000	28.5343000000000
77.0015000000000	28.5343000000000
77.0005000000000	28.5322000000000
77.0005000000000	28.5322000000000
77.0024000000000	28.5311000000000
77.0040000000000	28.5298000000000
77.0040000000000	28.5298000000000
77.0040000000000	28.5298000000000
77.0070000000000	28.5277000000000
77.0091000000000	28.5267000000000
77.0091000000000	28.5267000000000
77.0112000000000	28.5252000000000
77.0112000000000	28.5252000000000
77.0142000000000	28.5241000000000
77.0142000000000	28.5241000000000
77.0162000000000	28.5222000000000
77.0162000000000	28.5222000000000
77.0165000000000	28.5197000000000
77.0165000000000	28.5197000000000
77.0141000000000	28.5174000000000
77.0125000000000	28.5161000000000
77.0125000000000	28.5161000000000
77.0106000000000	28.5144000000000
77.0106000000000	28.5144000000000
77.0080000000000	28.5151000000000
77.0080000000000	28.5151000000000
77.0040000000000	28.5168000000000
77.0040000000000	28.5168000000000
76.9994000000000	28.5187000000000
76.9994000000000	28.5187000000000
76.9960000000000	28.5176000000000
76.9931000000000	28.5147000000000
76.9931000000000	28.5147000000000
76.9899000000000	28.5140000000000
76.9880000000000	28.5147000000000
76.9863000000000	28.5159000000000
76.9863000000000	28.5159000000000
76.9825000000000	28.5180000000000
76.9825000000000	28.5180000000000
76.9794000000000	28.5211000000000
