  76.840  28.410                 NaN
  76.850  28.410                 NaN
  76.860  28.410                 NaN
  76.870  28.410                 NaN
  76.880  28.410                 NaN
  76.890  28.410                 NaN
  76.900  28.410                 NaN
  76.910  28.410                 NaN
  76.920  28.410                 NaN
  76.930  28.410                 NaN
  76.940  28.410                 NaN
  76.950  28.410                 NaN
  76.960  28.410                 NaN
  76.970  28.410                 NaN
  76.980  28.410                 NaN
  76.990  28.410                 NaN
  77.000  28.410                 NaN
  77.010  28.410                 NaN
  77.020  28.410                 NaN
  77.030  28.410                 NaN
  77.040  28.410                 NaN
  77.050  28.410                 NaN
  77.060  28.410                 NaN
  77.070  28.410                 NaN
  77.080  28.410                 NaN
  77.090  28.410                 NaN
  77.100  28.410                 NaN
  77.110  28.410                 NaN
  77.120  28.410                 NaN
  77.130  28.410                 NaN
  77.140  28.410                 NaN
  77.150  28.410                 NaN
  77.160  28.410                 NaN
  77.170  28.410                 NaN
  77.180  28.410            0.026217
  77.190  28.410            0.025007
  77.200  28.410            0.024609
  77.210  28.410            0.024248
  77.220  28.410                 NaN
  77.230  28.410                 NaN
  77.240  28.410                 NaN
  77.250  28.410                 NaN
  77.260  28.410                 NaN
  77.270  28.410                 NaN
  77.280  28.410                 NaN
  77.290  28.410                 NaN
  77.300  28.410                 NaN
  77.310  28.410                 NaN
  77.320  28.410                 NaN
  77.330  28.410                 NaN
  77.340  28.410                 NaN
  77.350  28.410                 NaN
  76.840  28.420                 NaN
  76.850  28.420                 NaN
  76.860  28.420                 NaN
  76.870  28.420                 NaN
  76.880  28.420                 NaN
  76.890  28.420                 NaN
  76.900  28.420                 NaN
  76.910  28.420                 NaN
  76.920  28.420                 NaN
  76.930  28.420                 NaN
  76.940  28.420                 NaN
  76.950  28.420                 NaN
  76.960  28.420                 NaN
  76.970  28.420                 NaN
  76.980  28.420                 NaN
  76.990  28.420                 NaN
  77.000  28.420                 NaN
  77.010  28.420                 NaN
  77.020  28.420                 NaN
  77.030  28.420                 NaN
  77.040  28.420                 NaN
  77.050  28.420                 NaN
  77.060  28.420                 NaN
  77.070  28.420                 NaN
  77.080  28.420                 NaN
  77.090  28.420                 NaN
  77.100  28.420                 NaN
  77.110  28.420                 NaN
  77.120  28.420                 NaN
  77.130  28.420                 NaN
  77.140  28.420                 NaN
  77.150  28.420                 NaN
  77.160  28.420                 NaN
  77.170  28.420            0.025739
  77.180  28.420            0.025281
  77.190  28.420            0.024140
  77.200  28.420            0.023782
  77.210  28.420            0.023460
  77.220  28.420            0.023170
  77.230  28.420            0.022906
  77.240  28.420                 NaN
  77.250  28.420                 NaN
  77.260  28.420                 NaN
  77.270  28.420                 NaN
  77.280  28.420                 NaN
  77.290  28.420                 NaN
  77.300  28.420                 NaN
  77.310  28.420                 NaN
  77.320  28.420                 NaN
  77.330  28.420                 NaN
  77.340  28.420                 NaN
  77.350  28.420                 NaN
  76.840  28.430                 NaN
  76.850  28.430                 NaN
  76.860  28.430                 NaN
  76.870  28.430                 NaN
  76.880  28.430                 NaN
  76.890  28.430                 NaN
  76.900  28.430                 NaN
  76.910  28.430                 NaN
  76.920  28.430                 NaN
  76.930  28.430                 NaN
  76.940  28.430                 NaN
  76.950  28.430                 NaN
  76.960  28.430                 NaN
  76.970  28.430                 NaN
  76.980  28.430                 NaN
  76.990  28.430                 NaN
  77.000  28.430                 NaN
  77.010  28.430                 NaN
  77.020  28.430                 NaN
  77.030  28.430                 NaN
  77.040  28.430                 NaN
  77.050  28.430                 NaN
  77.060  28.430                 NaN
  77.070  28.430                 NaN
  77.080  28.430                 NaN
  77.090  28.430                 NaN
  77.100  28.430                 NaN
  77.110  28.430                 NaN
  77.120  28.430                 NaN
  77.130  28.430                 NaN
  77.140  28.430                 NaN
  77.150  28.430                 NaN
  77.160  28.430                 NaN
  77.170  28.430            0.024765
  77.180  28.430            0.024351
  77.190  28.430            0.023280
  77.200  28.430            0.022964
  77.210  28.430            0.022683
  77.220  28.430            0.022432
  77.230  28.430            0.022208
  77.240  28.430            0.022006
  77.250  28.430                 NaN
  77.260  28.430                 NaN
  77.270  28.430                 NaN
  77.280  28.430                 NaN
  77.290  28.430                 NaN
  77.300  28.430                 NaN
  77.310  28.430                 NaN
  77.320  28.430                 NaN
  77.330  28.430                 NaN
  77.340  28.430                 NaN
  77.350  28.430                 NaN
  76.840  28.440                 NaN
  76.850  28.440                 NaN
  76.860  28.440                 NaN
  76.870  28.440                 NaN
  76.880  28.440                 NaN
  76.890  28.440                 NaN
  76.900  28.440                 NaN
  76.910  28.440                 NaN
  76.920  28.440                 NaN
  76.930  28.440                 NaN
  76.940  28.440                 NaN
  76.950  28.440                 NaN
  76.960  28.440                 NaN
  76.970  28.440                 NaN
  76.980  28.440                 NaN
  76.990  28.440                 NaN
  77.000  28.440                 NaN
  77.010  28.440                 NaN
  77.020  28.440                 NaN
  77.030  28.440                 NaN
  77.040  28.440                 NaN
  77.050  28.440                 NaN
  77.060  28.440                 NaN
  77.070  28.440                 NaN
  77.080  28.440                 NaN
  77.090  28.440                 NaN
  77.100  28.440                 NaN
  77.110  28.440                 NaN
  77.120  28.440                 NaN
  77.130  28.440                 NaN
  77.140  28.440            0.025243
  77.150  28.440            0.024695
  77.160  28.440            0.024215
  77.170  28.440            0.023796
  77.180  28.440            0.023429
  77.190  28.440            0.022429
  77.200  28.440            0.022156
  77.210  28.440            0.021918
  77.220  28.440            0.021709
  77.230  28.440            0.021525
  77.240  28.440            0.021362
  77.250  28.440            0.021218
  77.260  28.440                 NaN
  77.270  28.440                 NaN
  77.280  28.440                 NaN
  77.290  28.440                 NaN
  77.300  28.440                 NaN
  77.310  28.440                 NaN
  77.320  28.440                 NaN
  77.330  28.440                 NaN
  77.340  28.440                 NaN
  77.350  28.440                 NaN
  76.840  28.450                 NaN
  76.850  28.450                 NaN
  76.860  28.450                 NaN
  76.870  28.450                 NaN
  76.880  28.450                 NaN
  76.890  28.450                 NaN
  76.900  28.450                 NaN
  76.910  28.450                 NaN
  76.920  28.450                 NaN
  76.930  28.450                 NaN
  76.940  28.450                 NaN
  76.950  28.450                 NaN
  76.960  28.450                 NaN
  76.970  28.450                 NaN
  76.980  28.450                 NaN
  76.990  28.450                 NaN
  77.000  28.450                 NaN
  77.010  28.450                 NaN
  77.020  28.450                 NaN
  77.030  28.450                 NaN
  77.040  28.450                 NaN
  77.050  28.450                 NaN
  77.060  28.450                 NaN
  77.070  28.450                 NaN
  77.080  28.450                 NaN
  77.090  28.450                 NaN
  77.100  28.450                 NaN
  77.110  28.450                 NaN
  77.120  28.450                 NaN
  77.130  28.450            0.024708
  77.140  28.450            0.024130
  77.150  28.450            0.023632
  77.160  28.450            0.023203
  77.170  28.450            0.022833
  77.180  28.450            0.018981
  77.190  28.450            0.018751
  77.200  28.450            0.021362
  77.210  28.450            0.021167
  77.220  28.450            0.021000
  77.230  28.450            0.020857
  77.240  28.450            0.020734
  77.250  28.450                 NaN
  77.260  28.450                 NaN
  77.270  28.450                 NaN
  77.280  28.450                 NaN
  77.290  28.450                 NaN
  77.300  28.450                 NaN
  77.310  28.450                 NaN
  77.320  28.450                 NaN
  77.330  28.450                 NaN
  77.340  28.450                 NaN
  77.350  28.450                 NaN
  76.840  28.460                 NaN
  76.850  28.460                 NaN
  76.860  28.460                 NaN
  76.870  28.460                 NaN
  76.880  28.460                 NaN
  76.890  28.460                 NaN
  76.900  28.460                 NaN
  76.910  28.460                 NaN
  76.920  28.460                 NaN
  76.930  28.460                 NaN
  76.940  28.460                 NaN
  76.950  28.460                 NaN
  76.960  28.460                 NaN
  76.970  28.460                 NaN
  76.980  28.460                 NaN
  76.990  28.460                 NaN
  77.000  28.460                 NaN
  77.010  28.460                 NaN
  77.020  28.460                 NaN
  77.030  28.460                 NaN
  77.040  28.460                 NaN
  77.050  28.460                 NaN
  77.060  28.460                 NaN
  77.070  28.460                 NaN
  77.080  28.460                 NaN
  77.090  28.460                 NaN
  77.100  28.460                 NaN
  77.110  28.460                 NaN
  77.120  28.460                 NaN
  77.130  28.460            0.023541
  77.140  28.460            0.023016
  77.150  28.460            0.022571
  77.160  28.460            0.022197
  77.170  28.460            0.021881
  77.180  28.460            0.018222
  77.190  28.460            0.018034
  77.200  28.460            0.020583
  77.210  28.460            0.020432
  77.220  28.460            0.020307
  77.230  28.460            0.020206
  77.240  28.460                 NaN
  77.250  28.460                 NaN
  77.260  28.460                 NaN
  77.270  28.460                 NaN
  77.280  28.460                 NaN
  77.290  28.460                 NaN
  77.300  28.460                 NaN
  77.310  28.460                 NaN
  77.320  28.460                 NaN
  77.330  28.460                 NaN
  77.340  28.460                 NaN
  77.350  28.460                 NaN
  76.840  28.470                 NaN
  76.850  28.470                 NaN
  76.860  28.470                 NaN
  76.870  28.470                 NaN
  76.880  28.470                 NaN
  76.890  28.470                 NaN
  76.900  28.470                 NaN
  76.910  28.470                 NaN
  76.920  28.470                 NaN
  76.930  28.470                 NaN
  76.940  28.470                 NaN
  76.950  28.470                 NaN
  76.960  28.470                 NaN
  76.970  28.470                 NaN
  76.980  28.470                 NaN
  76.990  28.470                 NaN
  77.000  28.470                 NaN
  77.010  28.470                 NaN
  77.020  28.470                 NaN
  77.030  28.470                 NaN
  77.040  28.470                 NaN
  77.050  28.470                 NaN
  77.060  28.470                 NaN
  77.070  28.470                 NaN
  77.080  28.470                 NaN
  77.090  28.470                 NaN
  77.100  28.470                 NaN
  77.110  28.470                 NaN
  77.120  28.470            0.022933
  77.130  28.470            0.022370
  77.140  28.470            0.021902
  77.150  28.470            0.021516
  77.160  28.470            0.021200
  77.170  28.470            0.020942
  77.180  28.470            0.017476
  77.190  28.470            0.017332
  77.200  28.470            0.017216
  77.210  28.470            0.019716
  77.220  28.470            0.019635
  77.230  28.470            0.019574
  77.240  28.470                 NaN
  77.250  28.470                 NaN
  77.260  28.470                 NaN
  77.270  28.470                 NaN
  77.280  28.470                 NaN
  77.290  28.470                 NaN
  77.300  28.470                 NaN
  77.310  28.470                 NaN
  77.320  28.470                 NaN
  77.330  28.470                 NaN
  77.340  28.470                 NaN
  77.350  28.470                 NaN
  76.840  28.480                 NaN
  76.850  28.480                 NaN
  76.860  28.480                 NaN
  76.870  28.480                 NaN
  76.880  28.480                 NaN
  76.890  28.480                 NaN
  76.900  28.480                 NaN
  76.910  28.480                 NaN
  76.920  28.480                 NaN
  76.930  28.480                 NaN
  76.940  28.480                 NaN
  76.950  28.480                 NaN
  76.960  28.480                 NaN
  76.970  28.480                 NaN
  76.980  28.480                 NaN
  76.990  28.480                 NaN
  77.000  28.480                 NaN
  77.010  28.480                 NaN
  77.020  28.480                 NaN
  77.030  28.480                 NaN
  77.040  28.480                 NaN
  77.050  28.480                 NaN
  77.060  28.480                 NaN
  77.070  28.480                 NaN
  77.080  28.480                 NaN
  77.090  28.480                 NaN
  77.100  28.480                 NaN
  77.110  28.480                 NaN
  77.120  28.480            0.021700
  77.130  28.480            0.021196
  77.140  28.480            0.020791
  77.150  28.480            0.020469
  77.160  28.480            0.020215
  77.170  28.480            0.019951
  77.180  28.480            0.019799
  77.190  28.480            0.016646
  77.200  28.480            0.016573
  77.210  28.480            0.019022
  77.220  28.480            0.018984
  77.230  28.480            0.018964
  77.240  28.480            0.018962
  77.250  28.480                 NaN
  77.260  28.480                 NaN
  77.270  28.480                 NaN
  77.280  28.480                 NaN
  77.290  28.480                 NaN
  77.300  28.480                 NaN
  77.310  28.480                 NaN
  77.320  28.480                 NaN
  77.330  28.480                 NaN
  77.340  28.480                 NaN
  77.350  28.480                 NaN
  76.840  28.490                 NaN
  76.850  28.490                 NaN
  76.860  28.490                 NaN
  76.870  28.490                 NaN
  76.880  28.490                 NaN
  76.890  28.490                 NaN
  76.900  28.490                 NaN
  76.910  28.490                 NaN
  76.920  28.490                 NaN
  76.930  28.490                 NaN
  76.940  28.490                 NaN
  76.950  28.490                 NaN
  76.960  28.490                 NaN
  76.970  28.490                 NaN
  76.980  28.490                 NaN
  76.990  28.490                 NaN
  77.000  28.490                 NaN
  77.010  28.490                 NaN
  77.020  28.490                 NaN
  77.030  28.490                 NaN
  77.040  28.490                 NaN
  77.050  28.490                 NaN
  77.060  28.490                 NaN
  77.070  28.490                 NaN
  77.080  28.490                 NaN
  77.090  28.490                 NaN
  77.100  28.490                 NaN
  77.110  28.490                 NaN
  77.120  28.490            0.020462
  77.130  28.490            0.020022
  77.140  28.490            0.019684
  77.150  28.490            0.019431
  77.160  28.490            0.019245
  77.170  28.490            0.019048
  77.180  28.490            0.018955
  77.190  28.490            0.015980
  77.200  28.490            0.015951
  77.210  28.490            0.018353
  77.220  28.490            0.018358
  77.230  28.490            0.018379
  77.240  28.490            0.018416
  77.250  28.490            0.017811
  77.260  28.490            0.017874
  77.270  28.490            0.017948
  77.280  28.490                 NaN
  77.290  28.490                 NaN
  77.300  28.490                 NaN
  77.310  28.490            0.019771
  77.320  28.490            0.019745
  77.330  28.490                 NaN
  77.340  28.490                 NaN
  77.350  28.490                 NaN
  76.840  28.500                 NaN
  76.850  28.500                 NaN
  76.860  28.500                 NaN
  76.870  28.500                 NaN
  76.880  28.500                 NaN
  76.890  28.500                 NaN
  76.900  28.500                 NaN
  76.910  28.500                 NaN
  76.920  28.500                 NaN
  76.930  28.500                 NaN
  76.940  28.500                 NaN
  76.950  28.500                 NaN
  76.960  28.500                 NaN
  76.970  28.500                 NaN
  76.980  28.500                 NaN
  76.990  28.500                 NaN
  77.000  28.500                 NaN
  77.010  28.500                 NaN
  77.020  28.500                 NaN
  77.030  28.500                 NaN
  77.040  28.500                 NaN
  77.050  28.500                 NaN
  77.060  28.500                 NaN
  77.070  28.500                 NaN
  77.080  28.500                 NaN
  77.090  28.500                 NaN
  77.100  28.500                 NaN
  77.110  28.500            0.018649
  77.120  28.500            0.019221
  77.130  28.500            0.018849
  77.140  28.500            0.018584
  77.150  28.500            0.018404
  77.160  28.500            0.018229
  77.170  28.500            0.018164
  77.180  28.500            0.018133
  77.190  28.500            0.015334
  77.200  28.500            0.015350
  77.210  28.500            0.015382
  77.220  28.500            0.017762
  77.230  28.500            0.017825
  77.240  28.500            0.017899
  77.250  28.500            0.017347
  77.260  28.500            0.017443
  77.270  28.500            0.017553
  77.280  28.500            0.017833
  77.290  28.500            0.017947
  77.300  28.500            0.019454
  77.310  28.500            0.019500
  77.320  28.500            0.019492
  77.330  28.500            0.019446
  77.340  28.500                 NaN
  77.350  28.500                 NaN
  76.840  28.510                 NaN
  76.850  28.510                 NaN
  76.860  28.510                 NaN
  76.870  28.510                 NaN
  76.880  28.510                 NaN
  76.890  28.510            0.064428
  76.900  28.510            0.061797
  76.910  28.510                 NaN
  76.920  28.510            0.056310
  76.930  28.510                 NaN
  76.940  28.510            0.050609
  76.950  28.510            0.047726
  76.960  28.510            0.044853
  76.970  28.510                 NaN
  76.980  28.510                 NaN
  76.990  28.510                 NaN
  77.000  28.510                 NaN
  77.010  28.510                 NaN
  77.020  28.510                 NaN
  77.030  28.510                 NaN
  77.040  28.510                 NaN
  77.050  28.510                 NaN
  77.060  28.510                 NaN
  77.070  28.510                 NaN
  77.080  28.510                 NaN
  77.090  28.510                 NaN
  77.100  28.510            0.017962
  77.110  28.510            0.017413
  77.120  28.510            0.017005
  77.130  28.510            0.017679
  77.140  28.510            0.017490
  77.150  28.510            0.015562
  77.160  28.510            0.015529
  77.170  28.510            0.017299
  77.180  28.510            0.015003
  77.190  28.510            0.015053
  77.200  28.510            0.014773
  77.210  28.510            0.014851
  77.220  28.510            0.017200
  77.230  28.510            0.017307
  77.240  28.510            0.016800
  77.250  28.510            0.016915
  77.260  28.510            0.017042
  77.270  28.510            0.017183
  77.280  28.510            0.017495
  77.290  28.510            0.017644
  77.300  28.510            0.019165
  77.310  28.510            0.019239
  77.320  28.510            0.019253
  77.330  28.510            0.019227
  77.340  28.510            0.021053
  77.350  28.510                 NaN
  76.840  28.520                 NaN
  76.850  28.520                 NaN
  76.860  28.520                 NaN
  76.870  28.520                 NaN
  76.880  28.520                 NaN
  76.890  28.520            0.064107
  76.900  28.520            0.061441
  76.910  28.520            0.058684
  76.920  28.520            0.055844
  76.930  28.520            0.052937
  76.940  28.520            0.049983
  76.950  28.520            0.047007
  76.960  28.520            0.044037
  76.970  28.520            0.041100
  76.980  28.520                 NaN
  76.990  28.520            0.035451
  77.000  28.520            0.032798
  77.010  28.520            0.031798
  77.020  28.520                 NaN
  77.030  28.520                 NaN
  77.040  28.520                 NaN
  77.050  28.520            0.023317
  77.060  28.520            0.021765
  77.070  28.520            0.021692
  77.080  28.520            0.020523
  77.090  28.520            0.017331
  77.100  28.520            0.016673
  77.110  28.520            0.016179
  77.120  28.520            0.015833
  77.130  28.520            0.014779
  77.140  28.520            0.014679
  77.150  28.520            0.014661
  77.160  28.520            0.014701
  77.170  28.520            0.014772
  77.180  28.520            0.014326
  77.190  28.520            0.016172
  77.200  28.520            0.016308
  77.210  28.520            0.016458
  77.220  28.520            0.016614
  77.230  28.520            0.015491
  77.240  28.520            0.015631
  77.250  28.520            0.016529
  77.260  28.520            0.016681
  77.270  28.520            0.016849
  77.280  28.520            0.017187
  77.290  28.520            0.017192
  77.300  28.520            0.018881
  77.310  28.520            0.018982
  77.320  28.520            0.019026
  77.330  28.520            0.020896
  77.340  28.520            0.020856
  77.350  28.520                 NaN
  76.840  28.530                 NaN
  76.850  28.530                 NaN
  76.860  28.530                 NaN
  76.870  28.530                 NaN
  76.880  28.530            0.066396
  76.890  28.530            0.063808
  76.900  28.530            0.061111
  76.910  28.530            0.058308
  76.920  28.530            0.055408
  76.930  28.530            0.052425
  76.940  28.530            0.049384
  76.950  28.530            0.046312
  76.960  28.530            0.043239
  76.970  28.530            0.040199
  76.980  28.530            0.037225
  76.990  28.530            0.036052
  77.000  28.530            0.033170
  77.010  28.530                 NaN
  77.020  28.530                 NaN
  77.030  28.530                 NaN
  77.040  28.530            0.023599
  77.050  28.530            0.021799
  77.060  28.530            0.020251
  77.070  28.530            0.018717
  77.080  28.530            0.017663
  77.090  28.530            0.016686
  77.100  28.530            0.015393
  77.110  28.530            0.014955
  77.120  28.530            0.015065
  77.130  28.530            0.013739
  77.140  28.530            0.013707
  77.150  28.530            0.013763
  77.160  28.530            0.013879
  77.170  28.530            0.014018
  77.180  28.530            0.013657
  77.190  28.530            0.015489
  77.200  28.530            0.015696
  77.210  28.530            0.015918
  77.220  28.530            0.014912
  77.230  28.530            0.015112
  77.240  28.530            0.015296
  77.250  28.530            0.015464
  77.260  28.530            0.015627
  77.270  28.530            0.016562
  77.280  28.530            0.016768
  77.290  28.530            0.016959
  77.300  28.530            0.017115
  77.310  28.530            0.019693
  77.320  28.530            0.019765
  77.330  28.530            0.020707
  77.340  28.530                 NaN
  77.350  28.530                 NaN
  76.840  28.540                 NaN
  76.850  28.540                 NaN
  76.860  28.540                 NaN
  76.870  28.540            0.072183
  76.880  28.540            0.069569
  76.890  28.540            0.066836
  76.900  28.540            0.063974
  76.910  28.540            0.060981
  76.920  28.540            0.057867
  76.930  28.540            0.054649
  76.940  28.540            0.051355
  76.950  28.540            0.048019
  76.960  28.540            0.044678
  76.970  28.540            0.041368
  76.980  28.540            0.038036
  76.990  28.540            0.034911
  77.000  28.540            0.031929
  77.010  28.540                 NaN
  77.020  28.540            0.026537
  77.030  28.540            0.024189
  77.040  28.540            0.022102
  77.050  28.540            0.020289
  77.060  28.540            0.018750
  77.070  28.540            0.017260
  77.080  28.540            0.016111
  77.090  28.540            0.015326
  77.100  28.540            0.014521
  77.110  28.540            0.014125
  77.120  28.540            0.013887
  77.130  28.540            0.013791
  77.140  28.540            0.013376
  77.150  28.540            0.013504
  77.160  28.540            0.012547
  77.170  28.540            0.012747
  77.180  28.540            0.014629
  77.190  28.540            0.015308
  77.200  28.540            0.015612
  77.210  28.540            0.015149
  77.220  28.540            0.017287
  77.230  28.540            0.014798
  77.240  28.540            0.015040
  77.250  28.540            0.015249
  77.260  28.540            0.015434
  77.270  28.540            0.016497
  77.280  28.540            0.016720
  77.290  28.540            0.016917
  77.300  28.540            0.017077
  77.310  28.540            0.019520
  77.320  28.540                 NaN
  77.330  28.540                 NaN
  77.340  28.540                 NaN
  77.350  28.540                 NaN
  76.840  28.550                 NaN
  76.850  28.550            0.076764
  76.860  28.550            0.074372
  76.870  28.550            0.071882
  76.880  28.550            0.069278
  76.890  28.550            0.066544
  76.900  28.550            0.063666
  76.910  28.550            0.060636
  76.920  28.550            0.057461
  76.930  28.550            0.054162
  76.940  28.550            0.050774
  76.950  28.550            0.047334
  76.960  28.550            0.043885
  76.970  28.550            0.040466
  76.980  28.550            0.037117
  76.990  28.550            0.033877
  77.000  28.550            0.030787
  77.010  28.550            0.027819
  77.020  28.550            0.025152
  77.030  28.550            0.022746
  77.040  28.550            0.020164
  77.050  28.550            0.018385
  77.060  28.550            0.017226
  77.070  28.550            0.016137
  77.080  28.550            0.015148
  77.090  28.550            0.013805
  77.100  28.550            0.013280
  77.110  28.550            0.012932
  77.120  28.550            0.012741
  77.130  28.550            0.012691
  77.140  28.550            0.012355
  77.150  28.550            0.012529
  77.160  28.550            0.012780
  77.170  28.550            0.011612
  77.180  28.550            0.013837
  77.190  28.550            0.014598
  77.200  28.550            0.014273
  77.210  28.550            0.014690
  77.220  28.550            0.016892
  77.230  28.550            0.017324
  77.240  28.550            0.014877
  77.250  28.550            0.015147
  77.260  28.550            0.015375
  77.270  28.550            0.016447
  77.280  28.550            0.016658
  77.290  28.550            0.016841
  77.300  28.550            0.019286
  77.310  28.550                 NaN
  77.320  28.550                 NaN
  77.330  28.550                 NaN
  77.340  28.550                 NaN
  77.350  28.550                 NaN
  76.840  28.560                 NaN
  76.850  28.560            0.076397
  76.860  28.560            0.074025
  76.870  28.560            0.071555
  76.880  28.560            0.068970
  76.890  28.560            0.066247
  76.900  28.560            0.063363
  76.910  28.560            0.060303
  76.920  28.560            0.057070
  76.930  28.560            0.053691
  76.940  28.560            0.050209
  76.950  28.560            0.046670
  76.960  28.560            0.043117
  76.970  28.560            0.039594
  76.980  28.560            0.036141
  76.990  28.560            0.032799
  77.000  28.560            0.029610
  77.010  28.560            0.026617
  77.020  28.560            0.024135
  77.030  28.560            0.020865
  77.040  28.560            0.018763
  77.050  28.560            0.016982
  77.060  28.560            0.015517
  77.070  28.560            0.014627
  77.080  28.560            0.013826
  77.090  28.560            0.012589
  77.100  28.560            0.012112
  77.110  28.560            0.011806
  77.120  28.560            0.011651
  77.130  28.560            0.012366
  77.140  28.560            0.011353
  77.150  28.560            0.011552
  77.160  28.560            0.010518
  77.170  28.560            0.013313
  77.180  28.560            0.013757
  77.190  28.560            0.013197
  77.200  28.560            0.013717
  77.210  28.560            0.014265
  77.220  28.560            0.016564
  77.230  28.560            0.017130
  77.240  28.560            0.017623
  77.250  28.560            0.015150
  77.260  28.560            0.020145
  77.270  28.560            0.016505
  77.280  28.560            0.016695
  77.290  28.560            0.016850
  77.300  28.560            0.019272
  77.310  28.560                 NaN
  77.320  28.560                 NaN
  77.330  28.560                 NaN
  77.340  28.560                 NaN
  77.350  28.560                 NaN
  76.840  28.570                 NaN
  76.850  28.570            0.075981
  76.860  28.570            0.073630
  76.870  28.570            0.071183
  76.880  28.570            0.068622
  76.890  28.570            0.065922
  76.900  28.570            0.063047
  76.910  28.570            0.059966
  76.920  28.570            0.056678
  76.930  28.570            0.053219
  76.940  28.570            0.049648
  76.950  28.570            0.046017
  76.960  28.570            0.042374
  76.970  28.570            0.038759
  76.980  28.570            0.035214
  76.990  28.570            0.031779
  77.000  28.570            0.028498
  77.010  28.570            0.025416
  77.020  28.570            0.022840
  77.030  28.570            0.020282
  77.040  28.570            0.018073
  77.050  28.570            0.015655
  77.060  28.570            0.014227
  77.070  28.570            0.013439
  77.080  28.570            0.012568
  77.090  28.570            0.011926
  77.100  28.570            0.011753
  77.110  28.570            0.011463
  77.120  28.570            0.011320
  77.130  28.570            0.011310
  77.140  28.570            0.011423
  77.150  28.570            0.011586
  77.160  28.570            0.011920
  77.170  28.570            0.012357
  77.180  28.570            0.012894
  77.190  28.570            0.012709
  77.200  28.570            0.013378
  77.210  28.570            0.014090
  77.220  28.570            0.016299
  77.230  28.570            0.016462
  77.240  28.570            0.017067
  77.250  28.570            0.019921
  77.260  28.570            0.020331
  77.270  28.570            0.020621
  77.280  28.570            0.019020
  77.290  28.570            0.019153
  77.300  28.570                 NaN
  77.310  28.570                 NaN
  77.320  28.570                 NaN
  77.330  28.570                 NaN
  77.340  28.570                 NaN
  77.350  28.570                 NaN
  76.840  28.580            0.077762
  76.850  28.580            0.075503
  76.860  28.580            0.073168
  76.870  28.580            0.070742
  76.880  28.580            0.068207
  76.890  28.580            0.065536
  76.900  28.580            0.062686
  76.910  28.580            0.059598
  76.920  28.580            0.056254
  76.930  28.580            0.052720
  76.940  28.580            0.049073
  76.950  28.580            0.045369
  76.960  28.580            0.041653
  76.970  28.580            0.037968
  76.980  28.580            0.034350
  76.990  28.580            0.030841
  77.000  28.580            0.027481
  77.010  28.580            0.024318
  77.020  28.580            0.021409
  77.030  28.580            0.019031
  77.040  28.580            0.016795
  77.050  28.580            0.014976
  77.060  28.580            0.013161
  77.070  28.580            0.012323
  77.080  28.580            0.011521
  77.090  28.580            0.011198
  77.100  28.580            0.010781
  77.110  28.580            0.010516
  77.120  28.580            0.010380
  77.130  28.580            0.010363
  77.140  28.580            0.010460
  77.150  28.580            0.010615
  77.160  28.580            0.010951
  77.170  28.580            0.011420
  77.180  28.580            0.012031
  77.190  28.580            0.012010
  77.200  28.580            0.012829
  77.210  28.580            0.013717
  77.220  28.580            0.015559
  77.230  28.580            0.016442
  77.240  28.580            0.017193
  77.250  28.580            0.020176
  77.260  28.580            0.020638
  77.270  28.580            0.020923
  77.280  28.580            0.020270
  77.290  28.580            0.019332
  77.300  28.580                 NaN
  77.310  28.580                 NaN
  77.320  28.580                 NaN
  77.330  28.580                 NaN
  77.340  28.580                 NaN
  77.350  28.580                 NaN
  76.840  28.590                 NaN
  76.850  28.590                 NaN
  76.860  28.590                 NaN
  76.870  28.590            0.070209
  76.880  28.590            0.067689
  76.890  28.590            0.065040
  76.900  28.590            0.062224
  76.910  28.590            0.059147
  76.920  28.590            0.055745
  76.930  28.590            0.052156
  76.940  28.590            0.048461
  76.950  28.590            0.044714
  76.960  28.590            0.040957
  76.970  28.590            0.037230
  76.980  28.590            0.033568
  76.990  28.590            0.030009
  77.000  28.590            0.026593
  77.010  28.590            0.023368
  77.020  28.590            0.020390
  77.030  28.590            0.018166
  77.040  28.590            0.015672
  77.050  28.590            0.013489
  77.060  28.590            0.012186
  77.070  28.590            0.011214
  77.080  28.590            0.010406
  77.090  28.590            0.009887
  77.100  28.590            0.010010
  77.110  28.590            0.009755
  77.120  28.590            0.009610
  77.130  28.590            0.009564
  77.140  28.590            0.009620
  77.150  28.590            0.009735
  77.160  28.590            0.010040
  77.170  28.590            0.010509
  77.180  28.590            0.011167
  77.190  28.590            0.011296
  77.200  28.590            0.012268
  77.210  28.590            0.013551
  77.220  28.590            0.014675
  77.230  28.590            0.015215
  77.240  28.590            0.016065
  77.250  28.590            0.020551
  77.260  28.590            0.021064
  77.270  28.590            0.020519
  77.280  28.590            0.020613
  77.290  28.590            0.019587
  77.300  28.590            0.019603
  77.310  28.590            0.019699
  77.320  28.590                 NaN
  77.330  28.590                 NaN
  77.340  28.590                 NaN
  77.350  28.590                 NaN
  76.840  28.600                 NaN
  76.850  28.600                 NaN
  76.860  28.600                 NaN
  76.870  28.600                 NaN
  76.880  28.600            0.067045
  76.890  28.600            0.064390
  76.900  28.600            0.061564
  76.910  28.600            0.058479
  76.920  28.600            0.055083
  76.930  28.600            0.051495
  76.940  28.600            0.047800
  76.950  28.600            0.044050
  76.960  28.600            0.040289
  76.970  28.600            0.036555
  76.980  28.600            0.032882
  76.990  28.600            0.029309
  77.000  28.600            0.025874
  77.010  28.600            0.022619
  77.020  28.600            0.019600
  77.030  28.600            0.017300
  77.040  28.600            0.014971
  77.050  28.600            0.012821
  77.060  28.600            0.011601
  77.070  28.600            0.010498
  77.080  28.600            0.009845
  77.090  28.600            0.009366
  77.100  28.600            0.009091
  77.110  28.600            0.008844
  77.120  28.600            0.009051
  77.130  28.600            0.008954
  77.140  28.600            0.008510
  77.150  28.600            0.007598
  77.160  28.600            0.007793
  77.170  28.600            0.008149
  77.180  28.600            0.008853
  77.190  28.600            0.010543
  77.200  28.600            0.011838
  77.210  28.600            0.013157
  77.220  28.600            0.014536
  77.230  28.600            0.015824
  77.240  28.600            0.016346
  77.250  28.600            0.021034
  77.260  28.600            0.021600
  77.270  28.600            0.021024
  77.280  28.600            0.021063
  77.290  28.600            0.020987
  77.300  28.600            0.019899
  77.310  28.600            0.019957
  77.320  28.600            0.019992
  77.330  28.600            0.020003
  77.340  28.600                 NaN
  77.350  28.600                 NaN
  76.840  28.610                 NaN
  76.850  28.610                 NaN
  76.860  28.610                 NaN
  76.870  28.610                 NaN
  76.880  28.610            0.066282
  76.890  28.610            0.063595
  76.900  28.610            0.060728
  76.910  28.610            0.057629
  76.920  28.610            0.054282
  76.930  28.610            0.050748
  76.940  28.610            0.047097
  76.950  28.610            0.043385
  76.960  28.610            0.039658
  76.970  28.610            0.035953
  76.980  28.610            0.032309
  76.990  28.610            0.028762
  77.000  28.610            0.025351
  77.010  28.610            0.022118
  77.020  28.610            0.019115
  77.030  28.610            0.016810
  77.040  28.610            0.014474
  77.050  28.610            0.012407
  77.060  28.610            0.011249
  77.070  28.610            0.010198
  77.080  28.610            0.009579
  77.090  28.610            0.009121
  77.100  28.610            0.008850
  77.110  28.610            0.008588
  77.120  28.610            0.008382
  77.130  28.610            0.008164
  77.140  28.610            0.008056
  77.150  28.610            0.007097
  77.160  28.610            0.007183
  77.170  28.610            0.007444
  77.180  28.610            0.008080
  77.190  28.610            0.008901
  77.200  28.610            0.011134
  77.210  28.610            0.012690
  77.220  28.610            0.014371
  77.230  28.610            0.015951
  77.240  28.610            0.016679
  77.250  28.610            0.021587
  77.260  28.610            0.021699
  77.270  28.610            0.021954
  77.280  28.610            0.020051
  77.290  28.610            0.019948
  77.300  28.610            0.020296
  77.310  28.610            0.020344
  77.320  28.610            0.020330
  77.330  28.610            0.020299
  77.340  28.610            0.020301
  77.350  28.610                 NaN
  76.840  28.620                 NaN
  76.850  28.620                 NaN
  76.860  28.620                 NaN
  76.870  28.620                 NaN
  76.880  28.620                 NaN
  76.890  28.620            0.062706
  76.900  28.620            0.059812
  76.910  28.620            0.056717
  76.920  28.620            0.053420
  76.930  28.620            0.049956
  76.940  28.620            0.046377
  76.950  28.620            0.042734
  76.960  28.620            0.039073
  76.970  28.620            0.035434
  76.980  28.620            0.031855
  76.990  28.620            0.028375
  77.000  28.620            0.025034
  77.010  28.620            0.021877
  77.020  28.620            0.018961
  77.030  28.620            0.016759
  77.040  28.620            0.014539
  77.050  28.620            0.012463
  77.060  28.620            0.011278
  77.070  28.620            0.010424
  77.080  28.620            0.009897
  77.090  28.620            0.009431
  77.100  28.620            0.009076
  77.110  28.620            0.008611
  77.120  28.620            0.008301
  77.130  28.620            0.008066
  77.140  28.620            0.007846
  77.150  28.620            0.006780
  77.160  28.620            0.006710
  77.170  28.620            0.006808
  77.180  28.620            0.007297
  77.190  28.620            0.008060
  77.200  28.620            0.009272
  77.210  28.620            0.012072
  77.220  28.620            0.014111
  77.230  28.620            0.016050
  77.240  28.620            0.020570
  77.250  28.620            0.021754
  77.260  28.620            0.022283
  77.270  28.620            0.022545
  77.280  28.620            0.022555
  77.290  28.620            0.022442
  77.300  28.620            0.020810
  77.310  28.620            0.020721
  77.320  28.620            0.020716
  77.330  28.620            0.020633
  77.340  28.620            0.020594
  77.350  28.620                 NaN
  76.840  28.630                 NaN
  76.850  28.630                 NaN
  76.860  28.630                 NaN
  76.870  28.630                 NaN
  76.880  28.630                 NaN
  76.890  28.630            0.061774
  76.900  28.630                 NaN
  76.910  28.630                 NaN
  76.920  28.630            0.052548
  76.930  28.630                 NaN
  76.940  28.630                 NaN
  76.950  28.630            0.042116
  76.960  28.630            0.038547
  76.970  28.630            0.035001
  76.980  28.630            0.031519
  76.990  28.630            0.028140
  77.000  28.630            0.024907
  77.010  28.630            0.021868
  77.020  28.630            0.019082
  77.030  28.630            0.017024
  77.040  28.630            0.014913
  77.050  28.630            0.012837
  77.060  28.630            0.011642
  77.070  28.630            0.010769
  77.080  28.630            0.010136
  77.090  28.630            0.009770
  77.100  28.630            0.009412
  77.110  28.630            0.008862
  77.120  28.630            0.008576
  77.130  28.630            0.008270
  77.140  28.630            0.007934
  77.150  28.630            0.006710
  77.160  28.630            0.006447
  77.170  28.630            0.006310
  77.180  28.630            0.006545
  77.190  28.630            0.007126
  77.200  28.630            0.008305
  77.210  28.630            0.010092
  77.220  28.630            0.013627
  77.230  28.630            0.018752
  77.240  28.630            0.020847
  77.250  28.630            0.022156
  77.260  28.630            0.022860
  77.270  28.630            0.023016
  77.280  28.630            0.023048
  77.290  28.630            0.022211
  77.300  28.630            0.021277
  77.310  28.630            0.021150
  77.320  28.630            0.021029
  77.330  28.630            0.020975
  77.340  28.630                 NaN
  77.350  28.630                 NaN
  76.840  28.640                 NaN
  76.850  28.640                 NaN
  76.860  28.640                 NaN
  76.870  28.640                 NaN
  76.880  28.640                 NaN
  76.890  28.640                 NaN
  76.900  28.640                 NaN
  76.910  28.640                 NaN
  76.920  28.640                 NaN
  76.930  28.640                 NaN
  76.940  28.640            0.044993
  76.950  28.640            0.041545
  76.960  28.640            0.038086
  76.970  28.640            0.034655
  76.980  28.640            0.031292
  76.990  28.640            0.028038
  77.000  28.640            0.024938
  77.010  28.640            0.022040
  77.020  28.640            0.018828
  77.030  28.640            0.016570
  77.040  28.640            0.014667
  77.050  28.640            0.013428
  77.060  28.640            0.012238
  77.070  28.640            0.011358
  77.080  28.640            0.010722
  77.090  28.640            0.010550
  77.100  28.640            0.010196
  77.110  28.640            0.009457
  77.120  28.640            0.009159
  77.130  28.640            0.008805
  77.140  28.640            0.007524
  77.150  28.640            0.007078
  77.160  28.640            0.006502
  77.170  28.640            0.006082
  77.180  28.640            0.005949
  77.190  28.640            0.006172
  77.200  28.640            0.007128
  77.210  28.640            0.008918
  77.220  28.640            0.014831
  77.230  28.640            0.018304
  77.240  28.640            0.020747
  77.250  28.640            0.022227
  77.260  28.640            0.023017
  77.270  28.640            0.023373
  77.280  28.640            0.022586
  77.290  28.640            0.022549
  77.300  28.640            0.022447
  77.310  28.640            0.022319
  77.320  28.640                 NaN
  77.330  28.640                 NaN
  77.340  28.640                 NaN
  77.350  28.640                 NaN
  76.840  28.650                 NaN
  76.850  28.650                 NaN
  76.860  28.650                 NaN
  76.870  28.650                 NaN
  76.880  28.650                 NaN
  76.890  28.650                 NaN
  76.900  28.650                 NaN
  76.910  28.650                 NaN
  76.920  28.650                 NaN
  76.930  28.650            0.047662
  76.940  28.650            0.044366
  76.950  28.650            0.041030
  76.960  28.650            0.037691
  76.970  28.650            0.034387
  76.980  28.650            0.031158
  76.990  28.650            0.027221
  77.000  28.650            0.024353
  77.010  28.650            0.021683
  77.020  28.650            0.019259
  77.030  28.650            0.017126
  77.040  28.650            0.015320
  77.050  28.650            0.013854
  77.060  28.650            0.011600
  77.070  28.650            0.010825
  77.080  28.650            0.010267
  77.090  28.650            0.011368
  77.100  28.650            0.011044
  77.110  28.650            0.010781
  77.120  28.650            0.010035
  77.130  28.650            0.010525
  77.140  28.650            0.010010
  77.150  28.650            0.008352
  77.160  28.650            0.007684
  77.170  28.650            0.006336
  77.180  28.650            0.005786
  77.190  28.650            0.006128
  77.200  28.650            0.006616
  77.210  28.650            0.008260
  77.220  28.650            0.011188
  77.230  28.650            0.016904
  77.240  28.650            0.020016
  77.250  28.650            0.021779
  77.260  28.650            0.022741
  77.270  28.650            0.023260
  77.280  28.650            0.022620
  77.290  28.650            0.022699
  77.300  28.650            0.022676
  77.310  28.650            0.023766
  77.320  28.650            0.023634
  77.330  28.650                 NaN
  77.340  28.650                 NaN
  77.350  28.650                 NaN
  76.840  28.660                 NaN
  76.850  28.660                 NaN
  76.860  28.660                 NaN
  76.870  28.660                 NaN
  76.880  28.660                 NaN
  76.890  28.660                 NaN
  76.900  28.660                 NaN
  76.910  28.660                 NaN
  76.920  28.660                 NaN
  76.930  28.660                 NaN
  76.940  28.660            0.043793
  76.950  28.660            0.040573
  76.960  28.660            0.036263
  76.970  28.660            0.033186
  76.980  28.660            0.030188
  76.990  28.660            0.027307
  77.000  28.660            0.024582
  77.010  28.660            0.022056
  77.020  28.660            0.019767
  77.030  28.660            0.017753
  77.040  28.660            0.016041
  77.050  28.660            0.014640
  77.060  28.660            0.012356
  77.070  28.660            0.011607
  77.080  28.660            0.011074
  77.090  28.660            0.012332
  77.100  28.660            0.012060
  77.110  28.660            0.011866
  77.120  28.660            0.011047
  77.130  28.660            0.011799
  77.140  28.660            0.011321
  77.150  28.660            0.009543
  77.160  28.660            0.008856
  77.170  28.660            0.008344
  77.180  28.660            0.007301
  77.190  28.660            0.006275
  77.200  28.660            0.005665
  77.210  28.660            0.006054
  77.220  28.660            0.008572
  77.230  28.660            0.014827
  77.240  28.660            0.017535
  77.250  28.660            0.019472
  77.260  28.660            0.020695
  77.270  28.660            0.021476
  77.280  28.660            0.023109
  77.290  28.660            0.021758
  77.300  28.660            0.021854
  77.310  28.660            0.023956
  77.320  28.660            0.023867
  77.330  28.660                 NaN
  77.340  28.660                 NaN
  77.350  28.660                 NaN
  76.840  28.670                 NaN
  76.850  28.670                 NaN
  76.860  28.670                 NaN
  76.870  28.670                 NaN
  76.880  28.670                 NaN
  76.890  28.670                 NaN
  76.900  28.670                 NaN
  76.910  28.670                 NaN
  76.920  28.670                 NaN
  76.930  28.670                 NaN
  76.940  28.670                 NaN
  76.950  28.670                 NaN
  76.960  28.670            0.035998
  76.970  28.670            0.033053
  76.980  28.670            0.030191
  76.990  28.670            0.027450
  77.000  28.670            0.024866
  77.010  28.670            0.022476
  77.020  28.670            0.020315
  77.030  28.670            0.018414
  77.040  28.670            0.016793
  77.050  28.670            0.015462
  77.060  28.670            0.014416
  77.070  28.670            0.014102
  77.080  28.670            0.013537
  77.090  28.670            0.011621
  77.100  28.670            0.013166
  77.110  28.670            0.012359
  77.120  28.670            0.012271
  77.130  28.670            0.011486
  77.140  28.670            0.011215
  77.150  28.670            0.010847
  77.160  28.670            0.010879
  77.170  28.670            0.010154
  77.180  28.670            0.009339
  77.190  28.670            0.007901
  77.200  28.670            0.005996
  77.210  28.670            0.004153
  77.220  28.670            0.005120
  77.230  28.670            0.009331
  77.240  28.670            0.015091
  77.250  28.670            0.017858
  77.260  28.670            0.019681
  77.270  28.670            0.020878
  77.280  28.670            0.022786
  77.290  28.670            0.023261
  77.300  28.670            0.021883
  77.310  28.670            0.021961
  77.320  28.670            0.024049
  77.330  28.670                 NaN
  77.340  28.670                 NaN
  77.350  28.670                 NaN
  76.840  28.680                 NaN
  76.850  28.680                 NaN
  76.860  28.680                 NaN
  76.870  28.680                 NaN
  76.880  28.680                 NaN
  76.890  28.680                 NaN
  76.900  28.680                 NaN
  76.910  28.680                 NaN
  76.920  28.680                 NaN
  76.930  28.680                 NaN
  76.940  28.680                 NaN
  76.950  28.680                 NaN
  76.960  28.680            0.036684
  76.970  28.680            0.033796
  76.980  28.680            0.030237
  76.990  28.680            0.027631
  77.000  28.680            0.025180
  77.010  28.680            0.022919
  77.020  28.680            0.020877
  77.030  28.680            0.019080
  77.040  28.680            0.017546
  77.050  28.680            0.016285
  77.060  28.680            0.015817
  77.070  28.680            0.015056
  77.080  28.680            0.014537
  77.090  28.680            0.014225
  77.100  28.680            0.014030
  77.110  28.680            0.013511
  77.120  28.680            0.013534
  77.130  28.680            0.013540
  77.140  28.680            0.012823
  77.150  28.680            0.013392
  77.160  28.680            0.013220
  77.170  28.680            0.013341
  77.180  28.680            0.012745
  77.190  28.680            0.011556
  77.200  28.680            0.009320
  77.210  28.680            0.005043
  77.220  28.680            0.002810
  77.230  28.680            0.007060
  77.240  28.680            0.011508
  77.250  28.680            0.016549
  77.260  28.680            0.018881
  77.270  28.680            0.020413
  77.280  28.680            0.022536
  77.290  28.680            0.023178
  77.300  28.680            0.022105
  77.310  28.680            0.022256
  77.320  28.680            0.021334
  77.330  28.680            0.021252
  77.340  28.680                 NaN
  77.350  28.680                 NaN
  76.840  28.690                 NaN
  76.850  28.690                 NaN
  76.860  28.690                 NaN
  76.870  28.690                 NaN
  76.880  28.690                 NaN
  76.890  28.690                 NaN
  76.900  28.690                 NaN
  76.910  28.690                 NaN
  76.920  28.690                 NaN
  76.930  28.690                 NaN
  76.940  28.690                 NaN
  76.950  28.690                 NaN
  76.960  28.690                 NaN
  76.970  28.690            0.033743
  76.980  28.690            0.031075
  76.990  28.690            0.028534
  77.000  28.690            0.026149
  77.010  28.690            0.023952
  77.020  28.690            0.021970
  77.030  28.690            0.020225
  77.040  28.690            0.020058
  77.050  28.690            0.018746
  77.060  28.690            0.017717
  77.070  28.690            0.015982
  77.080  28.690            0.015509
  77.090  28.690            0.015194
  77.100  28.690            0.015118
  77.110  28.690            0.015183
  77.120  28.690            0.014806
  77.130  28.690            0.015016
  77.140  28.690            0.014490
  77.150  28.690            0.015501
  77.160  28.690            0.015775
  77.170  28.690            0.016565
  77.180  28.690            0.016731
  77.190  28.690            0.016949
  77.200  28.690            0.016376
  77.210  28.690            0.013539
  77.220  28.690            0.008652
  77.230  28.690            0.009514
  77.240  28.690            0.012244
  77.250  28.690            0.016706
  77.260  28.690            0.018865
  77.270  28.690            0.020588
  77.280  28.690            0.021624
  77.290  28.690            0.023240
  77.300  28.690            0.022206
  77.310  28.690            0.022388
  77.320  28.690            0.021481
  77.330  28.690            0.021409
  77.340  28.690                 NaN
  77.350  28.690                 NaN
  76.840  28.700                 NaN
  76.850  28.700                 NaN
  76.860  28.700                 NaN
  76.870  28.700                 NaN
  76.880  28.700                 NaN
  76.890  28.700                 NaN
  76.900  28.700                 NaN
  76.910  28.700                 NaN
  76.920  28.700                 NaN
  76.930  28.700                 NaN
  76.940  28.700                 NaN
  76.950  28.700                 NaN
  76.960  28.700                 NaN
  76.970  28.700            0.033716
  76.980  28.700            0.031170
  76.990  28.700            0.028749
  77.000  28.700            0.026481
  77.010  28.700            0.024394
  77.020  28.700            0.022512
  77.030  28.700            0.020856
  77.040  28.700            0.019441
  77.050  28.700            0.019566
  77.060  28.700            0.018590
  77.070  28.700            0.017879
  77.080  28.700            0.016418
  77.090  28.700            0.016148
  77.100  28.700            0.016136
  77.110  28.700            0.016294
  77.120  28.700            0.016594
  77.130  28.700            0.016969
  77.140  28.700            0.017491
  77.150  28.700            0.019050
  77.160  28.700            0.019803
  77.170  28.700            0.019596
  77.180  28.700            0.021429
  77.190  28.700            0.021599
  77.200  28.700            0.022139
  77.210  28.700            0.020714
  77.220  28.700            0.016578
  77.230  28.700            0.014689
  77.240  28.700            0.015040
  77.250  28.700            0.019550
  77.260  28.700            0.019952
  77.270  28.700            0.021113
  77.280  28.700            0.021968
  77.290  28.700            0.022545
  77.300  28.700            0.022417
  77.310  28.700            0.022579
  77.320  28.700            0.021653
  77.330  28.700                 NaN
  77.340  28.700                 NaN
  77.350  28.700                 NaN
  76.840  28.710                 NaN
  76.850  28.710                 NaN
  76.860  28.710                 NaN
  76.870  28.710                 NaN
  76.880  28.710                 NaN
  76.890  28.710                 NaN
  76.900  28.710                 NaN
  76.910  28.710                 NaN
  76.920  28.710                 NaN
  76.930  28.710                 NaN
  76.940  28.710                 NaN
  76.950  28.710                 NaN
  76.960  28.710            0.036238
  76.970  28.710            0.033707
  76.980  28.710            0.031272
  76.990  28.710            0.028962
  77.000  28.710            0.026800
  77.010  28.710            0.024812
  77.020  28.710            0.023018
  77.030  28.710            0.021439
  77.040  28.710            0.020088
  77.050  28.710            0.020315
  77.060  28.710            0.019383
  77.070  28.710            0.018710
  77.080  28.710            0.016402
  77.090  28.710            0.016239
  77.100  28.710            0.016278
  77.110  28.710            0.016504
  77.120  28.710            0.017647
  77.130  28.710            0.018228
  77.140  28.710            0.018965
  77.150  28.710            0.020881
  77.160  28.710            0.021961
  77.170  28.710            0.023158
  77.180  28.710            0.024293
  77.190  28.710            0.025404
  77.200  28.710            0.025180
  77.210  28.710            0.023767
  77.220  28.710            0.021670
  77.230  28.710            0.019706
  77.240  28.710            0.021876
  77.250  28.710            0.022008
  77.260  28.710            0.022597
  77.270  28.710            0.022059
  77.280  28.710            0.022597
  77.290  28.710                 NaN
  77.300  28.710            0.022739
  77.310  28.710            0.022834
  77.320  28.710            0.021855
  77.330  28.710                 NaN
  77.340  28.710                 NaN
  77.350  28.710                 NaN
  76.840  28.720                 NaN
  76.850  28.720                 NaN
  76.860  28.720                 NaN
  76.870  28.720                 NaN
  76.880  28.720                 NaN
  76.890  28.720                 NaN
  76.900  28.720                 NaN
  76.910  28.720                 NaN
  76.920  28.720                 NaN
  76.930  28.720                 NaN
  76.940  28.720                 NaN
  76.950  28.720                 NaN
  76.960  28.720            0.036138
  76.970  28.720            0.033708
  76.980  28.720            0.031376
  76.990  28.720            0.029165
  77.000  28.720            0.027098
  77.010  28.720            0.025197
  77.020  28.720            0.023481
  77.030  28.720            0.021967
  77.040  28.720            0.020670
  77.050  28.720            0.019598
  77.060  28.720            0.020083
  77.070  28.720            0.018691
  77.080  28.720            0.018306
  77.090  28.720            0.019232
  77.100  28.720            0.017000
  77.110  28.720            0.017274
  77.120  28.720            0.018528
  77.130  28.720            0.019216
  77.140  28.720            0.020093
  77.150  28.720            0.022237
  77.160  28.720            0.023493
  77.170  28.720            0.024839
  77.180  28.720            0.026041
  77.190  28.720            0.027104
  77.200  28.720            0.027556
  77.210  28.720            0.025475
  77.220  28.720            0.024116
  77.230  28.720            0.022585
  77.240  28.720            0.024897
  77.250  28.720            0.024355
  77.260  28.720            0.024288
  77.270  28.720            0.024446
  77.280  28.720            0.023382
  77.290  28.720            0.023545
  77.300  28.720                 NaN
  77.310  28.720                 NaN
  77.320  28.720                 NaN
  77.330  28.720                 NaN
  77.340  28.720                 NaN
  77.350  28.720                 NaN
  76.840  28.730                 NaN
  76.850  28.730                 NaN
  76.860  28.730                 NaN
  76.870  28.730                 NaN
  76.880  28.730                 NaN
  76.890  28.730                 NaN
  76.900  28.730                 NaN
  76.910  28.730                 NaN
  76.920  28.730                 NaN
  76.930  28.730                 NaN
  76.940  28.730                 NaN
  76.950  28.730                 NaN
  76.960  28.730            0.036052
  76.970  28.730            0.033716
  76.980  28.730            0.031476
  76.990  28.730            0.029355
  77.000  28.730            0.027371
  77.010  28.730            0.025545
  77.020  28.730            0.023894
  77.030  28.730            0.022435
  77.040  28.730            0.022688
  77.050  28.730            0.021572
  77.060  28.730            0.020693
  77.070  28.730            0.019276
  77.080  28.730            0.018894
  77.090  28.730            0.019858
  77.100  28.730            0.019944
  77.110  28.730            0.020273
  77.120  28.730            0.019156
  77.130  28.730            0.019892
  77.140  28.730            0.019042
  77.150  28.730            0.020061
  77.160  28.730            0.025070
  77.170  28.730            0.026465
  77.180  28.730            0.027767
  77.190  28.730            0.027855
  77.200  28.730            0.030012
  77.210  28.730            0.029686
  77.220  28.730            0.025470
  77.230  28.730            0.024337
  77.240  28.730            0.027000
  77.250  28.730            0.026217
  77.260  28.730            0.024398
  77.270  28.730            0.024209
  77.280  28.730            0.024130
  77.290  28.730                 NaN
  77.300  28.730                 NaN
  77.310  28.730                 NaN
  77.320  28.730                 NaN
  77.330  28.730                 NaN
  77.340  28.730                 NaN
  77.350  28.730                 NaN
  76.840  28.740                 NaN
  76.850  28.740                 NaN
  76.860  28.740                 NaN
  76.870  28.740                 NaN
  76.880  28.740                 NaN
  76.890  28.740                 NaN
  76.900  28.740                 NaN
  76.910  28.740                 NaN
  76.920  28.740                 NaN
  76.930  28.740                 NaN
  76.940  28.740                 NaN
  76.950  28.740                 NaN
  76.960  28.740            0.035977
  76.970  28.740            0.033725
  76.980  28.740            0.031569
  76.990  28.740            0.029526
  77.000  28.740            0.027616
  77.010  28.740            0.025855
  77.020  28.740            0.025987
  77.030  28.740            0.024470
  77.040  28.740            0.023159
  77.050  28.740            0.022063
  77.060  28.740            0.021190
  77.070  28.740            0.019749
  77.080  28.740            0.019177
  77.090  28.740            0.020322
  77.100  28.740            0.020384
  77.110  28.740            0.020689
  77.120  28.740            0.019498
  77.130  28.740            0.020224
  77.140  28.740            0.021156
  77.150  28.740            0.020378
  77.160  28.740            0.025420
  77.170  28.740            0.026760
  77.180  28.740            0.027978
  77.190  28.740            0.029710
  77.200  28.740            0.030170
  77.210  28.740            0.030050
  77.220  28.740            0.029420
  77.230  28.740            0.028506
  77.240  28.740            0.026801
  77.250  28.740            0.026044
  77.260  28.740                 NaN
  77.270  28.740                 NaN
  77.280  28.740                 NaN
  77.290  28.740                 NaN
  77.300  28.740                 NaN
  77.310  28.740                 NaN
  77.320  28.740                 NaN
  77.330  28.740                 NaN
  77.340  28.740                 NaN
  77.350  28.740                 NaN
  76.840  28.750                 NaN
  76.850  28.750                 NaN
  76.860  28.750                 NaN
  76.870  28.750                 NaN
  76.880  28.750                 NaN
  76.890  28.750                 NaN
  76.900  28.750                 NaN
  76.910  28.750                 NaN
  76.920  28.750                 NaN
  76.930  28.750                 NaN
  76.940  28.750                 NaN
  76.950  28.750                 NaN
  76.960  28.750            0.035909
  76.970  28.750            0.033734
  76.980  28.750            0.031652
  76.990  28.750            0.029680
  77.000  28.750            0.027833
  77.010  28.750            0.027988
  77.020  28.750            0.026327
  77.030  28.750            0.024847
  77.040  28.750            0.023558
  77.050  28.750            0.022471
  77.060  28.750            0.021592
  77.070  28.750            0.019934
  77.080  28.750            0.019510
  77.090  28.750            0.019300
  77.100  28.750            0.020642
  77.110  28.750            0.020887
  77.120  28.750            0.019622
  77.130  28.750            0.020292
  77.140  28.750            0.020553
  77.150  28.750            0.021575
  77.160  28.750            0.025315
  77.170  28.750            0.027255
  77.180  28.750            0.028428
  77.190  28.750            0.029410
  77.200  28.750            0.029917
  77.210  28.750            0.029972
  77.220  28.750            0.029620
  77.230  28.750            0.028997
  77.240  28.750            0.027480
  77.250  28.750            0.026805
  77.260  28.750                 NaN
  77.270  28.750                 NaN
  77.280  28.750                 NaN
  77.290  28.750                 NaN
  77.300  28.750                 NaN
  77.310  28.750                 NaN
  77.320  28.750                 NaN
  77.330  28.750                 NaN
  77.340  28.750                 NaN
  77.350  28.750                 NaN
  76.840  28.760                 NaN
  76.850  28.760                 NaN
  76.860  28.760                 NaN
  76.870  28.760                 NaN
  76.880  28.760                 NaN
  76.890  28.760                 NaN
  76.900  28.760                 NaN
  76.910  28.760                 NaN
  76.920  28.760                 NaN
  76.930  28.760                 NaN
  76.940  28.760                 NaN
  76.950  28.760            0.038026
  76.960  28.760            0.035847
  76.970  28.760            0.033742
  76.980  28.760            0.031726
  76.990  28.760            0.031939
  77.000  28.760            0.030020
  77.010  28.760            0.028243
  77.020  28.760            0.026622
  77.030  28.760            0.025170
  77.040  28.760            0.023895
  77.050  28.760            0.022807
  77.060  28.760            0.021912
  77.070  28.760            0.020209
  77.080  28.760            0.019741
  77.090  28.760            0.019472
  77.100  28.760            0.020747
  77.110  28.760            0.020902
  77.120  28.760            0.018973
  77.130  28.760            0.019533
  77.140  28.760            0.020302
  77.150  28.760            0.021249
  77.160  28.760            0.022309
  77.170  28.760            0.026736
  77.180  28.760            0.027854
  77.190  28.760            0.028741
  77.200  28.760            0.029385
  77.210  28.760            0.029586
  77.220  28.760            0.029450
  77.230  28.760            0.029062
  77.240  28.760                 NaN
  77.250  28.760                 NaN
  77.260  28.760                 NaN
  77.270  28.760                 NaN
  77.280  28.760                 NaN
  77.290  28.760                 NaN
  77.300  28.760                 NaN
  77.310  28.760                 NaN
  77.320  28.760                 NaN
  77.330  28.760                 NaN
  77.340  28.760                 NaN
  77.350  28.760                 NaN
  76.840  28.770                 NaN
  76.850  28.770                 NaN
  76.860  28.770                 NaN
  76.870  28.770                 NaN
  76.880  28.770                 NaN
  76.890  28.770                 NaN
  76.900  28.770                 NaN
  76.910  28.770                 NaN
  76.920  28.770                 NaN
  76.930  28.770                 NaN
  76.940  28.770                 NaN
  76.950  28.770                 NaN
  76.960  28.770            0.035789
  76.970  28.770            0.033747
  76.980  28.770            0.034056
  76.990  28.770            0.032068
  77.000  28.770            0.030200
  77.010  28.770            0.028467
  77.020  28.770            0.026878
  77.030  28.770            0.025446
  77.040  28.770            0.024179
  77.050  28.770            0.023084
  77.060  28.770            0.022167
  77.070  28.770            0.020415
  77.080  28.770            0.019894
  77.090  28.770            0.019555
  77.100  28.770            0.019401
  77.110  28.770            0.018523
  77.120  28.770            0.018755
  77.130  28.770            0.019196
  77.140  28.770            0.019858
  77.150  28.770            0.020724
  77.160  28.770            0.021722
  77.170  28.770            0.026010
  77.180  28.770            0.027092
  77.190  28.770            0.027980
  77.200  28.770            0.028677
  77.210  28.770            0.028997
  77.220  28.770            0.029030
  77.230  28.770            0.028831
  77.240  28.770                 NaN
  77.250  28.770                 NaN
  77.260  28.770                 NaN
  77.270  28.770                 NaN
  77.280  28.770                 NaN
  77.290  28.770                 NaN
  77.300  28.770                 NaN
  77.310  28.770                 NaN
  77.320  28.770                 NaN
  77.330  28.770                 NaN
  77.340  28.770                 NaN
  77.350  28.770                 NaN
  76.840  28.780                 NaN
  76.850  28.780                 NaN
  76.860  28.780                 NaN
  76.870  28.780                 NaN
  76.880  28.780                 NaN
  76.890  28.780                 NaN
  76.900  28.780                 NaN
  76.910  28.780                 NaN
  76.920  28.780                 NaN
  76.930  28.780                 NaN
  76.940  28.780                 NaN
  76.950  28.780            0.037793
  76.960  28.780            0.038281
  76.970  28.780            0.036155
  76.980  28.780            0.034118
  76.990  28.780            0.032182
  77.000  28.780            0.030361
  77.010  28.780            0.028664
  77.020  28.780            0.027103
  77.030  28.780            0.025686
  77.040  28.780            0.024422
  77.050  28.780            0.023317
  77.060  28.780            0.022375
  77.070  28.780            0.020574
  77.080  28.780            0.019998
  77.090  28.780            0.018437
  77.100  28.780            0.018207
  77.110  28.780            0.018140
  77.120  28.780            0.018245
  77.130  28.780            0.018770
  77.140  28.780            0.019308
  77.150  28.780            0.020096
  77.160  28.780            0.021047
  77.170  28.780            0.025195
  77.180  28.780            0.026249
  77.190  28.780            0.027137
  77.200  28.780            0.027876
  77.210  28.780            0.028287
  77.220  28.780            0.028450
  77.230  28.780            0.028400
  77.240  28.780                 NaN
  77.250  28.780                 NaN
  77.260  28.780                 NaN
  77.270  28.780                 NaN
  77.280  28.780                 NaN
  77.290  28.780                 NaN
  77.300  28.780                 NaN
  77.310  28.780                 NaN
  77.320  28.780                 NaN
  77.330  28.780                 NaN
  77.340  28.780                 NaN
  77.350  28.780                 NaN
  76.840  28.790                 NaN
  76.850  28.790                 NaN
  76.860  28.790                 NaN
  76.870  28.790                 NaN
  76.880  28.790                 NaN
  76.890  28.790                 NaN
  76.900  28.790                 NaN
  76.910  28.790                 NaN
  76.920  28.790                 NaN
  76.930  28.790                 NaN
  76.940  28.790                 NaN
  76.950  28.790                 NaN
  76.960  28.790            0.038230
  76.970  28.790            0.036160
  76.980  28.790            0.034175
  76.990  28.790            0.032287
  77.000  28.790            0.030505
  77.010  28.790            0.028841
  77.020  28.790            0.027304
  77.030  28.790            0.025900
  77.040  28.790            0.024638
  77.050  28.790            0.023521
  77.060  28.790            0.022555
  77.070  28.790            0.020709
  77.080  28.790            0.018904
  77.090  28.790            0.018454
  77.100  28.790            0.018146
  77.110  28.790            0.017984
  77.120  28.790            0.017975
  77.130  28.790            0.018138
  77.140  28.790            0.018531
  77.150  28.790            0.019482
  77.160  28.790            0.020391
  77.170  28.790            0.024396
  77.180  28.790            0.025411
  77.190  28.790            0.026287
  77.200  28.790            0.026973
  77.210  28.790                 NaN
  77.220  28.790                 NaN
  77.230  28.790                 NaN
  77.240  28.790                 NaN
  77.250  28.790                 NaN
  77.260  28.790                 NaN
  77.270  28.790                 NaN
  77.280  28.790                 NaN
  77.290  28.790                 NaN
  77.300  28.790                 NaN
  77.310  28.790                 NaN
  77.320  28.790                 NaN
  77.330  28.790                 NaN
  77.340  28.790                 NaN
  77.350  28.790                 NaN
  76.840  28.800                 NaN
  76.850  28.800                 NaN
  76.860  28.800                 NaN
  76.870  28.800                 NaN
  76.880  28.800                 NaN
  76.890  28.800                 NaN
  76.900  28.800                 NaN
  76.910  28.800                 NaN
  76.920  28.800                 NaN
  76.930  28.800                 NaN
  76.940  28.800                 NaN
  76.950  28.800            0.040275
  76.960  28.800            0.038185
  76.970  28.800            0.036166
  76.980  28.800            0.034229
  76.990  28.800            0.032383
  77.000  28.800            0.030639
  77.010  28.800            0.029005
  77.020  28.800            0.027488
  77.030  28.800            0.026097
  77.040  28.800            0.024836
  77.050  28.800            0.023711
  77.060  28.800            0.020374
  77.070  28.800            0.019617
  77.080  28.800            0.018987
  77.090  28.800            0.018487
  77.100  28.800            0.018119
  77.110  28.800            0.017886
  77.120  28.800            0.017798
  77.130  28.800            0.017874
  77.140  28.800            0.018177
  77.150  28.800            0.018802
  77.160  28.800            0.019614
  77.170  28.800            0.020721
  77.180  28.800            0.024643
  77.190  28.800            0.025484
  77.200  28.800                 NaN
  77.210  28.800                 NaN
  77.220  28.800                 NaN
  77.230  28.800                 NaN
  77.240  28.800                 NaN
  77.250  28.800                 NaN
  77.260  28.800                 NaN
  77.270  28.800                 NaN
  77.280  28.800                 NaN
  77.290  28.800                 NaN
  77.300  28.800                 NaN
  77.310  28.800                 NaN
  77.320  28.800                 NaN
  77.330  28.800                 NaN
  77.340  28.800                 NaN
  77.350  28.800                 NaN
  76.840  28.810                 NaN
  76.850  28.810                 NaN
  76.860  28.810                 NaN
  76.870  28.810                 NaN
  76.880  28.810                 NaN
  76.890  28.810                 NaN
  76.900  28.810                 NaN
  76.910  28.810                 NaN
  76.920  28.810                 NaN
  76.930  28.810                 NaN
  76.940  28.810                 NaN
  76.950  28.810            0.040186
  76.960  28.810            0.038146
  76.970  28.810            0.036174
  76.980  28.810            0.034282
  76.990  28.810            0.032476
  77.000  28.810            0.030766
  77.010  28.810            0.029159
  77.020  28.810            0.027663
  77.030  28.810            0.026284
  77.040  28.810            0.025027
  77.050  28.810            0.021425
  77.060  28.810            0.020528
  77.070  28.810            0.019749
  77.080  28.810            0.019090
  77.090  28.810            0.018555
  77.100  28.810            0.018146
  77.110  28.810            0.017870
  77.120  28.810            0.017740
  77.130  28.810            0.017782
  77.140  28.810            0.018043
  77.150  28.810            0.018548
  77.160  28.810            0.019228
  77.170  28.810            0.019979
  77.180  28.810            0.023978
  77.190  28.810            0.024759
  77.200  28.810            0.025417
  77.210  28.810                 NaN
  77.220  28.810                 NaN
  77.230  28.810                 NaN
  77.240  28.810                 NaN
  77.250  28.810                 NaN
  77.260  28.810                 NaN
  77.270  28.810                 NaN
  77.280  28.810                 NaN
  77.290  28.810                 NaN
  77.300  28.810                 NaN
  77.310  28.810                 NaN
  77.320  28.810                 NaN
  77.330  28.810                 NaN
  77.340  28.810                 NaN
  77.350  28.810                 NaN
  76.840  28.820                 NaN
  76.850  28.820                 NaN
  76.860  28.820                 NaN
  76.870  28.820                 NaN
  76.880  28.820                 NaN
  76.890  28.820                 NaN
  76.900  28.820                 NaN
  76.910  28.820                 NaN
  76.920  28.820                 NaN
  76.930  28.820                 NaN
  76.940  28.820                 NaN
  76.950  28.820                 NaN
  76.960  28.820                 NaN
  76.970  28.820            0.036187
  76.980  28.820            0.034336
  76.990  28.820            0.032567
  77.000  28.820            0.030890
  77.010  28.820            0.029310
  77.020  28.820            0.027834
  77.030  28.820            0.026469
  77.040  28.820            0.022610
  77.050  28.820            0.021595
  77.060  28.820            0.020690
  77.070  28.820            0.019897
  77.080  28.820            0.019220
  77.090  28.820            0.018662
  77.100  28.820            0.018228
  77.110  28.820            0.017928
  77.120  28.820            0.017775
  77.130  28.820            0.017792
  77.140  28.820            0.018002
  77.150  28.820            0.018405
  77.160  28.820            0.018959
  77.170  28.820            0.019593
  77.180  28.820            0.020240
  77.190  28.820            0.024124
  77.200  28.820            0.024736
  77.210  28.820            0.025232
  77.220  28.820            0.025668
  77.230  28.820                 NaN
  77.240  28.820                 NaN
  77.250  28.820                 NaN
  77.260  28.820                 NaN
  77.270  28.820                 NaN
  77.280  28.820                 NaN
  77.290  28.820                 NaN
  77.300  28.820                 NaN
  77.310  28.820                 NaN
  77.320  28.820                 NaN
  77.330  28.820                 NaN
  77.340  28.820                 NaN
  77.350  28.820                 NaN
  76.840  28.830                 NaN
  76.850  28.830                 NaN
  76.860  28.830                 NaN
  76.870  28.830                 NaN
  76.880  28.830                 NaN
  76.890  28.830                 NaN
  76.900  28.830                 NaN
  76.910  28.830                 NaN
  76.920  28.830                 NaN
  76.930  28.830                 NaN
  76.940  28.830                 NaN
  76.950  28.830                 NaN
  76.960  28.830                 NaN
  76.970  28.830                 NaN
  76.980  28.830                 NaN
  76.990  28.830            0.032660
  77.000  28.830            0.031013
  77.010  28.830            0.029460
  77.020  28.830            0.028005
  77.030  28.830            0.023898
  77.040  28.830            0.022784
  77.050  28.830            0.021772
  77.060  28.830            0.020864
  77.070  28.830            0.020065
  77.080  28.830            0.019378
  77.090  28.830            0.018806
  77.100  28.830            0.018358
  77.110  28.830            0.018042
  77.120  28.830            0.017870
  77.130  28.830            0.017856
  77.140  28.830            0.018011
  77.150  28.830            0.018327
  77.160  28.830            0.018771
  77.170  28.830            0.019294
  77.180  28.830            0.019843
  77.190  28.830            0.020374
  77.200  28.830            0.024130
  77.210  28.830            0.024591
  77.220  28.830            0.025017
  77.230  28.830                 NaN
  77.240  28.830                 NaN
  77.250  28.830                 NaN
  77.260  28.830                 NaN
  77.270  28.830                 NaN
  77.280  28.830                 NaN
  77.290  28.830                 NaN
  77.300  28.830                 NaN
  77.310  28.830                 NaN
  77.320  28.830                 NaN
  77.330  28.830                 NaN
  77.340  28.830                 NaN
  77.350  28.830                 NaN
  76.840  28.840                 NaN
  76.850  28.840                 NaN
  76.860  28.840                 NaN
  76.870  28.840                 NaN
  76.880  28.840                 NaN
  76.890  28.840                 NaN
  76.900  28.840                 NaN
  76.910  28.840                 NaN
  76.920  28.840                 NaN
  76.930  28.840                 NaN
  76.940  28.840                 NaN
  76.950  28.840                 NaN
  76.960  28.840                 NaN
  76.970  28.840                 NaN
  76.980  28.840                 NaN
  76.990  28.840                 NaN
  77.000  28.840                 NaN
  77.010  28.840            0.029611
  77.020  28.840                 NaN
  77.030  28.840                 NaN
  77.040  28.840                 NaN
  77.050  28.840            0.021958
  77.060  28.840            0.021052
  77.070  28.840            0.020251
  77.080  28.840            0.019559
  77.090  28.840            0.018980
  77.100  28.840            0.018522
  77.110  28.840            0.018192
  77.120  28.840            0.017999
  77.130  28.840            0.017952
  77.140  28.840            0.018052
  77.150  28.840                 NaN
  77.160  28.840            0.018637
  77.170  28.840            0.019060
  77.180  28.840            0.019517
  77.190  28.840            0.019970
  77.200  28.840            0.020388
  77.210  28.840            0.024010
  77.220  28.840                 NaN
  77.230  28.840                 NaN
  77.240  28.840                 NaN
  77.250  28.840                 NaN
  77.260  28.840                 NaN
  77.270  28.840                 NaN
  77.280  28.840                 NaN
  77.290  28.840                 NaN
  77.300  28.840                 NaN
  77.310  28.840                 NaN
  77.320  28.840                 NaN
  77.330  28.840                 NaN
  77.340  28.840                 NaN
  77.350  28.840                 NaN
  76.840  28.850                 NaN
  76.850  28.850                 NaN
  76.860  28.850                 NaN
  76.870  28.850                 NaN
  76.880  28.850                 NaN
  76.890  28.850                 NaN
  76.900  28.850                 NaN
  76.910  28.850                 NaN
  76.920  28.850                 NaN
  76.930  28.850                 NaN
  76.940  28.850                 NaN
  76.950  28.850                 NaN
  76.960  28.850                 NaN
  76.970  28.850                 NaN
  76.980  28.850                 NaN
  76.990  28.850                 NaN
  77.000  28.850                 NaN
  77.010  28.850                 NaN
  77.020  28.850                 NaN
  77.030  28.850                 NaN
  77.040  28.850                 NaN
  77.050  28.850            0.022152
  77.060  28.850            0.021252
  77.070  28.850            0.020452
  77.080  28.850            0.019758
  77.090  28.850            0.019175
  77.100  28.850            0.018708
  77.110  28.850            0.018364
  77.120  28.850            0.018149
  77.130  28.850            0.018065
  77.140  28.850            0.018112
  77.150  28.850                 NaN
  77.160  28.850                 NaN
  77.170  28.850            0.018875
  77.180  28.850            0.019246
  77.190  28.850            0.019624
  77.200  28.850            0.019980
  77.210  28.850            0.020295
  77.220  28.850                 NaN
  77.230  28.850                 NaN
  77.240  28.850                 NaN
  77.250  28.850                 NaN
  77.260  28.850                 NaN
  77.270  28.850                 NaN
  77.280  28.850                 NaN
  77.290  28.850                 NaN
  77.300  28.850                 NaN
  77.310  28.850                 NaN
  77.320  28.850                 NaN
  77.330  28.850                 NaN
  77.340  28.850                 NaN
  77.350  28.850                 NaN
  76.840  28.860                 NaN
  76.850  28.860                 NaN
  76.860  28.860                 NaN
  76.870  28.860                 NaN
  76.880  28.860                 NaN
  76.890  28.860                 NaN
  76.900  28.860                 NaN
  76.910  28.860                 NaN
  76.920  28.860                 NaN
  76.930  28.860                 NaN
  76.940  28.860                 NaN
  76.950  28.860                 NaN
  76.960  28.860                 NaN
  76.970  28.860                 NaN
  76.980  28.860                 NaN
  76.990  28.860                 NaN
  77.000  28.860                 NaN
  77.010  28.860                 NaN
  77.020  28.860                 NaN
  77.030  28.860                 NaN
  77.040  28.860                 NaN
  77.050  28.860                 NaN
  77.060  28.860            0.021460
  77.070  28.860            0.020664
  77.080  28.860            0.019970
  77.090  28.860            0.019383
  77.100  28.860            0.018907
  77.110  28.860            0.018548
  77.120  28.860            0.018308
  77.130  28.860            0.018188
  77.140  28.860            0.018184
  77.150  28.860                 NaN
  77.160  28.860                 NaN
  77.170  28.860                 NaN
  77.180  28.860                 NaN
  77.190  28.860                 NaN
  77.200  28.860                 NaN
  77.210  28.860                 NaN
  77.220  28.860                 NaN
  77.230  28.860                 NaN
  77.240  28.860                 NaN
  77.250  28.860                 NaN
  77.260  28.860                 NaN
  77.270  28.860                 NaN
  77.280  28.860                 NaN
  77.290  28.860                 NaN
  77.300  28.860                 NaN
  77.310  28.860                 NaN
  77.320  28.860                 NaN
  77.330  28.860                 NaN
  77.340  28.860                 NaN
  77.350  28.860                 NaN
  76.840  28.870                 NaN
  76.850  28.870                 NaN
  76.860  28.870                 NaN
  76.870  28.870                 NaN
  76.880  28.870                 NaN
  76.890  28.870                 NaN
  76.900  28.870                 NaN
  76.910  28.870                 NaN
  76.920  28.870                 NaN
  76.930  28.870                 NaN
  76.940  28.870                 NaN
  76.950  28.870                 NaN
  76.960  28.870                 NaN
  76.970  28.870                 NaN
  76.980  28.870                 NaN
  76.990  28.870                 NaN
  77.000  28.870                 NaN
  77.010  28.870                 NaN
  77.020  28.870                 NaN
  77.030  28.870                 NaN
  77.040  28.870                 NaN
  77.050  28.870                 NaN
  77.060  28.870            0.021674
  77.070  28.870                 NaN
  77.080  28.870            0.020189
  77.090  28.870            0.019598
  77.100  28.870            0.019113
  77.110  28.870                 NaN
  77.120  28.870                 NaN
  77.130  28.870                 NaN
  77.140  28.870                 NaN
  77.150  28.870                 NaN
  77.160  28.870                 NaN
  77.170  28.870                 NaN
  77.180  28.870                 NaN
  77.190  28.870                 NaN
  77.200  28.870                 NaN
  77.210  28.870                 NaN
  77.220  28.870                 NaN
  77.230  28.870                 NaN
  77.240  28.870                 NaN
  77.250  28.870                 NaN
  77.260  28.870                 NaN
  77.270  28.870                 NaN
  77.280  28.870                 NaN
  77.290  28.870                 NaN
  77.300  28.870                 NaN
  77.310  28.870                 NaN
  77.320  28.870                 NaN
  77.330  28.870                 NaN
  77.340  28.870                 NaN
  77.350  28.870                 NaN
  76.840  28.880                 NaN
  76.850  28.880                 NaN
  76.860  28.880                 NaN
  76.870  28.880                 NaN
  76.880  28.880                 NaN
  76.890  28.880                 NaN
  76.900  28.880                 NaN
  76.910  28.880                 NaN
  76.920  28.880                 NaN
  76.930  28.880                 NaN
  76.940  28.880                 NaN
  76.950  28.880                 NaN
  76.960  28.880                 NaN
  76.970  28.880                 NaN
  76.980  28.880                 NaN
  76.990  28.880                 NaN
  77.000  28.880                 NaN
  77.010  28.880                 NaN
  77.020  28.880                 NaN
  77.030  28.880                 NaN
  77.040  28.880                 NaN
  77.050  28.880                 NaN
  77.060  28.880                 NaN
  77.070  28.880                 NaN
  77.080  28.880            0.020410
  77.090  28.880                 NaN
  77.100  28.880                 NaN
  77.110  28.880                 NaN
  77.120  28.880                 NaN
  77.130  28.880                 NaN
  77.140  28.880                 NaN
  77.150  28.880                 NaN
  77.160  28.880                 NaN
  77.170  28.880                 NaN
  77.180  28.880                 NaN
  77.190  28.880                 NaN
  77.200  28.880                 NaN
  77.210  28.880                 NaN
  77.220  28.880                 NaN
  77.230  28.880                 NaN
  77.240  28.880                 NaN
  77.250  28.880                 NaN
  77.260  28.880                 NaN
  77.270  28.880                 NaN
  77.280  28.880                 NaN
  77.290  28.880                 NaN
  77.300  28.880                 NaN
  77.310  28.880                 NaN
  77.320  28.880                 NaN
  77.330  28.880                 NaN
  77.340  28.880                 NaN
  77.350  28.880                 NaN
